0
1
2
3
4
5
7
10
13
14
22
22
23
24
24
26
27
27
30
32
32
32
37
37
37
39
39
41
42
45
46
47
48
49
50
51
52
53
57
58
59
63
63
64
65
66
67
68
71
71
72
74
75
75
76
86
89
91
92
97
106
107
109
109
110
113
113
114
115
116
116
116
119
125
125
129
141
147
149
149
150
158
159
160
162
164
167
168
172
176
178
178
180
182
184
186
191
192
198
200
201
202
206
206
208
210
211
212
212
215
216
216
218
218
219
219
223
225
227
228
230
230
233
238
239
243
245
256
258
266
267
267
270
275
275
279
280
281
284
284
286
286
286
286
290
294
301
302
304
307
309
309
310
310
316
317
318
322
324
326
333
335
336
337
340
341
342
342
342
343
345
347
347
351
351
354
357
358
360
361
362
364
370
372
375
378
378
380
380
386
389
390
391
398
400
401
401
404
404
409
410
410
411
413
419
420
421
422
423
425
430
434
435
436
443
444
446
447
447
448
450
452
452
456
457
459
460
461
462
463
471
475
476
476
480
481
482
489
490
492
499
499
499
501
501
502
506
506
506
507
510
510
510
511
511
514
517
518
520
520
520
522
527
529
530
530
531
531
534
537
539
540
540
543
544
546
547
551
553
556
557
558
560
566
566
571
572
573
577
577
578
578
580
585
591
592
595
595
596
597
600
602
605
609
610
615
615
621
621
623
625
628
631
633
634
635
637
638
638
639
641
642
642
646
647
649
649
649
649
652
652
653
657
657
658
660
664
668
673
673
674
677
678
680
680
681
683
686
688
689
693
694
699
699
701
702
705
708
708
709
710
711
712
712
714
717
721
723
726
732
733
733
734
736
736
737
739
743
747
749
749
749
752
756
757
759
761
761
766
772
772
773
773
774
778
780
781
781
781
786
788
790
790
792
796
801
802
803
803
804
808
810
810
813
813
815
818
821
823
824
826
828
830
830
833
837
838
838
840
840
841
841
842
843
846
850
852
853
853
858
858
858
858
863
865
869
873
873
875
879
880
886
895
899
905
910
911
912
916
918
918
920
922
923
927
930
935
935
935
937
939
940
943
944
945
947
950
950
951
955
958
958
960
961
961
967
967
968
973
973
978
979
982
989
991
991
993
994
998
998
