323
588
176
964
144
148
311
699
966
987
483
80
406
91
443
37
97
876
380
882
916
105
4
131
956
735
797
887
799
86
334
644
623
644
212
504
763
807
120
715
219
673
277
976
920
233
129
194
781
443
838
523
558
425
363
712
836
130
363
888
875
73
338
971
808
994
96
8
337
917
219
654
451
772
437
716
874
153
215
332
721
361
760
281
566
341
159
754
577
575
633
839
681
761
263
680
19
824
31
29
728
496
349
144
65
578
269
655
290
913
672
37
248
810
889
112
704
856
435
309
382
247
929
463
198
657
977
567
187
693
430
958
346
109
680
845
138
38
690
301
514
507
880
699
318
826
907
587
592
376
539
581
279
480
712
837
847
918
92
380
284
738
368
677
124
496
354
338
161
965
904
52
767
196
147
464
48
838
739
655
793
255
987
959
849
717
489
941
958
156
164
756
387
461
466
526
522
965
173
33
218
849
234
437
357
824
390
666
345
136
700
607
673
194
639
317
847
514
921
946
312
247
782
65
140
881
648
790
936
72
783
583
506
392
429
894
984
642
963
436
318
831
796
952
394
365
788
212
70
124
588
736
489
682
13
480
978
314
790
408
146
412
595
648
820
230
820
211
956
759
192
729
58
140
404
493
338
916
741
400
40
582
485
388
581
106
868
837
345
661
191
585
220
702
774
401
261
501
900
847
85
331
456
951
625
765
707
315
771
138
485
302
12
380
593
434
664
211
73
292
725
941
231
141
641
26
98
516
328
251
697
583
367
154
31
873
352
245
963
917
474
548
738
568
788
714
524
237
93
817
16
314
779
822
852
703
655
611
885
535
697
795
383
630
230
984
969
267
626
912
473
608
731
518
831
636
788
413
537
873
506
496
595
1
719
988
328
348
536
775
305
836
149
273
569
777
453
384
307
481
828
907
392
455
866
692
465
748
360
104
581
715
994
139
903
726
604
836
56
375
378
856
540
688
304
634
652
52
234
712
791
22
985
601
933
735
795
434
522
726
37
472
163
559
112
127
857
822
342
913
743
420
95
155
145
728
268
689
859
10
47
34
699
384
805
438
956
643
585
875
344
204
95
863
545
8
457
680
900
643
569
319
554
392
300
675
492
231
503
898
331
895
65
259
762
338
501
422
112
152
218
644
894
916
409
875
1
35
90
218
68
850
626
443
957
999
157
406
834
744
837
690
848
480
77
182
648
656
268
374
678
834
705
673
71
608
151
343
111
387
933
144
477
488
541
544
339
916
934
110
789
753
345
100
773
73
197
928
737
414
743
945
826
828
929
966
233
374
653
552
880
413
487
47
467
799
109
250
809
364
299
472
883
292
495
948
407
797
846
254
505
368
353
995
343
370
216
574
968
248
296
312
176
900
644
675
410
733
38
621
227
507
368
472
303
711
44
278
258
800
868
298
317
802
166
913
146
225
488
943
950
700
452
557
187
165
632
216
47
236
189
294
12
203
441
42
557
269
547
151
369
383
395
664
895
968
171
221
239
325
158
867
73
93
844
747
68
971
655
522
20
946
581
544
593
403
82
785
985
401
88
586
457
110
78
726
485
534
515
726
945
201
142
598
819
95
572
492
200
235
420
116
535
850
978
319
926
477
238
738
55
953
400
507
326
376
955
958
578
568
11
773
573
498
68
494
266
357
665
294
578
969
549
259
787
511
761
600
838
493
635
489
867
128
367
950
811
314
972
781
218
459
710
520
127
755
556
285
273
789
462
900
872
656
980
555
885
863
77
669
134
248
163
282
498
522
567
808
229
263
23
335
393
737
449
74
802
681
338
304
948
98
951
778
907
572
615
984
175
853
763
181
538
10
11
649
87
707
447
596
704
284
302
687
244
655
591
119
643
399
801
443
64
40
753
397
290
482
840
758
782
420
598
961
157
838
663
505
934
62
280
406
719
252
455
739
653
665
668
235
166
778
431
786
335
363
999
840
223
574
756
600
423
570
498
375
788
376
595
535
467
49
768
827
831
36
988
573
122
596
109
587
958
437
207
849
543
87
214
359
631
883
471
571
669
530
820
74
499
533
827
39
794
671
371
102
844
87
362
82
206
138
101
954
488
893
716
491
554
552
497
375
781
309
205
947
492
248
64
302
237
377
115
13
607
604
563
667
145
354
757
334
941
976
656
61
536
565
819
85
390
618
484
467
854
953
522
827
368
328
632
295
775
47
423
452
727
588
7
350
155
184
569
508
299
523
867
558
593
682
969
891
823
689
836
943
662
395
498
209
733
62
51
826
140
180
315
833
52
355
464
228
638
678
178
817
812
757
489
123
480
864
840
560
663
609
797
567
721
926
889
79
983
438
122
546
754
515
274
464
692
61
44
624
773
736
795
274
877
563
591
319
928
914
269
34
419
366
225
624
418
335
419
866
955
707
67
123
682
385
370
13
258
494
543
822
981
961
882
808
40
818
768
111
142
276
500
971
512
204
294
805
774
865
827
190
4
115
785
938
491
481
125
316
746
715
995
35
490
909
993
650
563
492
369
142
158
939
681
872
336
839
472
714
872
969
95
686
214
945
337
458
151
816
625
600
769
894
207
154
967
785
14
626
905
231
509
16
996
891
23
29
353
435
226
195
717
698
849
895
669
434
238
527
251
665
360
694
73
292
556
983
361
833
891
334
486
462
112
49
259
487
324
37
670
388
680
109
57
721
174
334
221
944
285
38
378
337
591
762
120
897
656
902
323
640
925
808
543
980
911
670
416
372
331
157
300
279
679
339
335
682
603
164
306
600
361
809
930
531
874
392
0
793
287
900
98
971
208
60
86
15
581
585
638
253
231
753
853
54
42
10
780
408
394
704
145
998
366
910
204
340
861
843
895
729
308
444
90
565
265
64
609
761
671
657
970
526
878
989
318
550
414
820
692
719
0
284
172
318
185
129
983
64
620
944
744
339
75
370
671
875
786
894
58
48
960
831
352
869
298
437
924
355
822
591
682
772
225
654
841
108
477
236
277
626
875
923
696
700
424
963
908
952
31
83
391
583
132
137
380
267
832
292
434
786
14
686
467
891
920
160
963
229
399
109
675
974
413
816
713
593
48
402
222
793
214
75
803
218
768
738
105
727
204
320
476
613
675
182
795
823
323
750
294
763
906
175
748
601
416
699
73
148
311
291
864
313
898
186
187
388
591
286
740
299
682
291
6
258
248
433
797
300
165
702
71
795
522
887
701
359
950
383
610
746
344
370
255
245
142
427
673
555
502
210
344
11
950
393
156
491
345
461
958
671
297
290
912
393
620
520
954
563
797
513
970
464
527
548
551
960
440
428
290
130
456
833
602
252
348
360
515
86
635
310
970
428
333
768
383
570
883
70
94
858
679
661
28
8
361
820
732
159
378
623
707
869
777
671
270
401
600
98
789
85
274
758
852
510
35
817
438
392
396
461
823
903
529
119
540
856
257
806
201
894
226
136
255
864
78
376
967
791
262
284
608
726
449
715
849
858
544
724
11
17
618
737
670
7
807
987
319
227
947
527
906
808
482
229
114
479
794
913
570
282
881
34
351
459
708
16
52
35
592
612
833
983
929
455
194
861
149
180
111
964
236
553
861
657
927
952
0
702
146
157
891
741
599
16
766
554
47
738
747
806
608
452
509
432
118
226
221
166
239
567
66
553
480
530
124
638
581
798
309
385
657
840
253
620
570
641
969
333
839
436
831
78
50
89
9
414
380
55
995
781
841
560
715
684
57
534
356
459
640
427
598
788
691
735
709
956
887
811
173
234
352
786
615
856
450
143
531
999
264
416
730
343
407
522
78
371
629
911
776
923
140
275
37
235
661
252
151
649
562
680
316
316
741
856
333
559
574
465
773
357
477
651
980
759
548
299
287
257
624
387
285
90
356
594
504
314
194
750
766
870
415
572
852
183
706
482
94
184
577
829
821
294
695
932
741
2
790
429
682
362
509
109
455
62
710
371
586
669
383
302
631
216
322
29
840
710
28
165
902
759
750
629
502
572
771
837
891
187
775
725
779
433
816
314
161
280
869
35
223
672
823
722
758
2
15
997
12
239
174
180
936
767
211
654
404
109
757
844
696
7
813
831
7
492
670
877
608
870
60
94
323
760
902
805
222
697
594
50
332
813
972
564
785
980
818
627
612
836
567
620
616
338
818
310
369
222
586
538
936
788
768
687
363
759
473
819
396
920
647
149
820
532
579
439
524
611
337
170
96
429
463
513
528
663
299
200
229
851
721
957
460
598
158
4
497
178
68
872
908
524
266
501
633
712
934
499
342
352
530
421
294
131
817
552
828
562
444
199
855
583
94
795
257
526
768
383
771
485
313
409
169
520
894
837
461
861
626
308
419
958
962
545
816
428
808
764
128
425
489
976
899
278
853
679
83
91
531
509
188
461
78
105
168
513
552
136
22
647
2
108
758
313
509
490
164
643
704
881
367
813
894
702
989
812
219
733
877
239
579
770
472
668
815
189
180
330
245
251
679
386
818
569
757
983
335
980
221
684
254
196
166
468
911
463
906
909
227
753
900
582
316
705
339
759
39
343
803
272
799
442
396
634
951
918
185
241
636
762
936
179
125
208
1
314
792
893
700
893
986
704
675
37
114
87
922
659
66
853
495
503
947
928
177
243
997
663
617
765
792
737
303
644
569
833
323
578
388
581
977
744
435
989
288
143
792
736
887
170
717
330
852
57
77
355
595
409
414
817
39
519
582
749
480
395
207
291
689
553
913
515
652
762
434
156
301
313
428
208
472
410
979
571
687
941
465
861
284
648
136
999
896
226
276
90
141
604
795
611
294
186
977
586
521
607
948
26
790
239
369
515
856
13
161
699
484
949
811
179
346
116
903
285
799
227
316
596
324
931
39
51
111
834
34
624
477
595
684
954
720
748
802
940
450
633
778
606
71
878
623
577
64
449
62
48
257
270
236
822
272
708
306
610
192
788
502
759
602
538
463
112
655
653
476
665
125
392
42
104
851
643
665
826
418
187
209
834
890
741
870
741
302
811
237
145
813
149
762
212
382
137
928
720
871
397
564
244
802
336
678
430
125
712
716
132
916
647
421
241
717
783
855
349
24
860
790
310
81
809
314
946
603
42
579
367
227
864
140
897
942
540
97
978
448
339
878
265
34
151
253
417
711
598
963
497
755
571
144
732
553
443
210
615
447
458
909
208
552
172
289
302
638
511
551
171
193
229
593
717
513
472
814
428
180
422
774
751
356
436
304
943
496
135
654
965
29
189
153
791
897
914
47
245
165
311
589
306
92
60
626
822
612
278
307
40
231
620
948
185
774
963
817
44
275
10
818
129
946
576
204
761
196
809
802
675
111
143
487
845
37
204
294
71
222
734
704
57
197
28
609
308
317
373
776
982
510
624
641
431
400
45
969
592
730
546
589
316
352
242
336
439
159
833
351
867
645
978
426
945
250
609
609
180
573
316
104
161
637
348
681
779
389
977
116
99
474
172
846
788
732
366
572
980
758
333
546
663
220
776
20
102
921
527
679
468
466
757
13
665
779
642
348
928
819
705
506
779
886
488
56
238
831
982
231
697
32
359
123
343
568
618
34
507
519
531
929
226
201
173
100
163
500
967
904
163
152
711
543
718
763
637
262
607
718
62
574
25
479
593
286
934
387
941
537
372
448
993
465
560
452
446
552
314
966
103
79
16
47
433
85
607
420
941
605
91
211
874
861
768
520
375
558
161
163
742
237
478
423
556
421
363
393
309
814
378
939
829
862
755
52
89
930
442
110
388
890
662
244
486
367
498
438
822
977
197
242
8
305
612
889
609
807
118
259
71
193
624
192
942
209
335
244
229
274
699
533
919
231
140
676
750
496
76
182
561
361
619
950
606
985
770
681
955
660
711
454
366
37
711
144
221
972
810
905
656
672
647
228
810
865
136
559
574
668
521
900
261
12
858
426
878
257
684
949
903
480
184
958
832
503
859
464
919
643
270
217
901
336
969
249
160
852
327
322
98
824
5
867
422
652
669
723
738
806
519
855
960
847
574
696
927
186
768
68
71
778
951
519
10
999
694
989
717
644
821
119
270
592
493
968
719
95
447
403
840
116
206
355
595
37
861
134
441
699
379
895
218
181
635
343
642
632
912
431
158
621
686
628
382
183
795
511
909
743
397
456
891
94
989
758
603
518
345
382
680
53
199
806
3
655
500
725
952
440
973
241
871
179
333
763
246
25
742
427
171
521
955
412
382
64
441
780
597
742
29
811
274
861
544
477
775
94
224
581
386
889
408
639
435
617
8
618
682
755
295
849
829
993
588
373
719
823
924
961
637
168
486
345
378
766
867
7
474
612
233
603
539
834
518
127
383
821
185
436
646
240
140
381
513
851
742
54
625
990
813
632
742
234
80
52
251
396
530
417
815
23
611
980
511
261
729
27
398
145
429
806
134
36
328
802
464
707
619
923
376
257
517
670
252
902
615
512
59
363
548
783
58
817
644
691
641
78
520
79
461
563
287
242
94
452
519
805
281
492
352
713
72
229
386
206
604
105
454
954
461
729
946
332
184
375
526
516
311
641
980
313
895
901
277
230
451
43
213
306
629
460
896
778
197
29
231
941
122
528
603
940
597
343
634
293
597
685
14
619
124
259
58
963
473
524
737
172
559
662
703
180
283
605
241
76
403
630
792
655
57
925
608
884
158
531
527
109
476
399
832
660
988
144
223
913
142
36
128
874
239
768
720
112
117
229
877
337
877
595
353
208
405
29
537
869
798
296
357
538
769
881
664
611
395
578
558
889
739
665
197
803
536
926
917
161
87
918
825
567
401
824
887
907
972
396
20
243
328
51
336
981
538
111
73
861
189
240
340
276
804
615
534
235
940
155
816
557
46
133
681
385
986
378
997
956
855
190
299
226
664
335
613
653
120
821
193
132
646
251
340
537
955
746
213
199
680
539
231
685
181
103
625
396
389
821
856
921
837
558
228
175
746
705
527
212
66
134
634
526
522
761
146
2
391
686
199
153
673
27
277
184
129
558
340
938
316
291
418
324
591
186
697
916
666
260
418
639
641
200
392
22
229
662
786
852
162
918
8
319
577
318
151
112
638
359
191
977
860
42
393
914
692
957
470
559
364
988
67
642
644
157
753
328
275
108
257
947
224
728
180
316
350
648
672
930
87
550
478
723
569
462
544
710
197
34
865
499
588
750
797
832
84
26
887
969
777
146
537
130
455
454
438
156
898
310
884
858
800
726
133
990
743
450
284
661
977
238
548
196
14
189
972
550
400
300
863
771
401
593
441
166
656
789
291
619
347
364
255
387
439
821
847
685
426
338
416
899
617
414
580
486
982
765
877
695
18
325
53
356
400
151
778
186
313
626
151
669
884
956
750
474
69
86
402
276
918
811
704
787
828
684
885
622
504
827
266
672
38
690
781
910
114
8
714
196
502
111
486
679
440
149
612
698
856
84
368
160
280
128
296
386
316
941
835
14
72
859
841
229
257
991
834
23
635
663
196
85
842
145
420
395
85
976
37
936
708
644
606
587
354
534
733
188
509
629
209
412
794
247
38
650
614
712
866
450
352
848
756
468
146
492
732
423
358
611
133
352
668
115
599
851
305
80
938
84
812
112
620
963
387
750
851
530
506
320
951
236
763
183
206
667
625
924
179
206
318
2
121
661
269
875
473
787
42
522
75
255
941
930
904
935
733
65
166
161
281
53
742
935
546
762
239
823
740
332
157
244
835
71
596
956
90
265
254
719
23
801
460
825
907
750
385
748
653
814
226
725
614
690
722
617
983
578
34
155
494
986
630
93
936
936
554
265
168
657
875
835
958
480
802
365
82
98
107
774
647
457
908
144
350
778
873
428
255
485
364
693
836
233
513
893
345
793
888
152
611
351
492
243
361
363
144
184
96
129
585
913
88
836
839
119
572
555
565
294
911
286
407
214
153
460
507
809
250
469
713
460
821
855
228
220
229
943
490
38
862
646
528
306
146
318
207
509
564
903
923
474
9
226
65
845
170
505
848
220
678
185
633
913
933
749
313
432
519
152
485
866
970
294
20
452
467
320
824
79
763
715
230
956
227
340
870
324
531
610
804
65
275
199
948
285
269
284
693
653
921
761
900
897
976
454
137
947
757
376
638
833
525
291
44
249
279
72
320
632
655
244
387
590
92
206
39
234
297
50
565
558
969
678
811
591
755
312
914
627
701
418
390
174
141
787
183
875
939
699
893
420
466
651
512
351
445
791
877
69
318
1
692
791
674
243
526
543
232
881
101
200
440
993
307
955
248
55
60
104
90
257
232
669
41
723
24
750
826
336
938
361
304
631
624
44
847
422
570
470
290
357
964
710
384
361
410
292
481
235
367
787
671
444
421
391
240
960
223
360
63
757
595
3
50
262
587
994
310
232
106
207
286
904
587
194
643
222
965
732
61
627
100
136
0
275
921
909
498
990
793
770
72
625
627
951
240
187
874
379
722
359
658
959
280
894
56
983
724
269
162
80
496
74
998
443
640
991
159
540
252
769
49
343
137
896
790
520
544
578
73
573
358
14
455
338
810
218
645
793
862
314
325
868
637
982
378
960
114
86
619
440
337
972
181
379
911
70
856
75
139
831
563
475
512
34
940
708
859
650
792
348
375
408
584
355
320
729
564
259
172
51
233
260
853
141
751
186
884
553
894
692
983
798
734
841
131
510
685
728
349
440
122
956
58
483
169
546
414
185
120
401
833
59
438
381
766
366
11
88
157
442
19
550
688
43
52
51
731
614
102
795
372
802
618
157
610
168
243
365
690
208
738
693
157
729
661
23
613
845
367
401
862
175
907
430
841
42
154
661
364
831
924
384
13
682
667
435
981
938
674
327
106
547
869
794
572
290
995
861
201
212
645
50
827
299
962
879
55
646
195
228
282
676
298
292
4
829
880
243
806
149
171
373
255
838
958
175
34
657
186
820
971
856
931
94
361
803
837
711
342
605
757
730
880
530
4
75
868
687
878
848
233
238
49
11
295
237
825
205
803
74
56
496
434
197
739
8
810
874
183
0
920
641
178
325
876
548
527
89
490
636
537
678
545
265
256
396
982
564
410
905
531
506
568
36
680
703
273
654
763
100
237
710
60
776
687
768
761
686
709
377
41
824
76
657
412
328
437
653
471
967
740
792
246
52
287
781
121
874
563
924
801
622
985
342
532
540
608
391
251
213
749
864
517
823
333
629
637
105
899
905
647
857
484
908
16
413
303
119
690
906
267
612
350
668
873
92
676
154
417
454
662
629
288
689
340
397
390
367
240
184
326
310
801
424
670
611
381
912
662
749
479
27
238
212
800
632
88
572
913
894
229
122
463
128
796
497
263
982
636
537
337
760
282
501
658
895
638
56
113
553
32
812
899
272
344
798
249
249
795
321
455
996
321
797
624
901
579
868
893
221
587
977
292
669
276
285
229
841
104
863
224
949
447
831
298
415
933
432
927
648
669
656
689
640
897
509
334
5
956
165
375
440
134
202
133
356
502
88
71
587
567
301
230
95
729
60
729
34
968
133
300
571
418
124
3
62
945
357
917
158
296
361
532
649
395
704
888
952
207
179
187
250
832
700
199
892
137
397
412
967
270
353
390
301
734
483
170
153
412
289
817
803
117
924
926
789
204
839
961
462
368
666
54
232
703
522
351
711
700
766
998
616
795
504
887
971
174
686
634
487
752
85
270
201
270
257
609
25
806
611
60
593
951
776
867
762
960
113
851
100
612
196
531
50
299
927
477
664
341
164
358
883
319
469
969
635
63
981
922
455
76
585
405
749
295
681
855
420
806
879
93
832
183
523
561
777
690
432
739
169
71
583
115
48
382
614
892
806
373
764
260
588
164
452
321
431
308
971
350
170
246
919
890
862
441
207
297
489
835
769
996
305
200
68
500
707
560
954
188
229
555
105
436
636
736
671
330
570
43
0
499
567
932
190
559
803
228
843
818
782
283
477
766
660
461
94
630
856
707
623
222
228
885
321
638
50
461
176
933
147
183
669
106
641
588
302
678
658
318
660
533
956
494
256
148
959
665
650
916
212
513
784
668
472
799
72
293
460
207
626
718
37
28
133
336
243
962
157
628
664
122
709
481
550
112
22
42
21
128
668
819
617
671
769
131
564
126
849
109
325
841
954
674
28
462
349
249
848
297
493
798
39
604
523
232
274
564
588
139
523
567
664
86
164
113
343
104
885
597
193
316
400
625
106
427
885
882
681
568
165
686
516
398
310
145
690
494
2
591
564
981
476
641
761
618
624
930
708
149
22
465
796
611
627
961
152
630
59
571
29
914
79
293
437
714
366
420
133
168
468
917
356
419
788
970
867
355
667
656
478
24
747
748
701
192
656
110
919
792
27
53
684
506
176
106
796
772
918
65
961
737
146
90
263
625
968
150
180
12
960
701
255
835
457
476
209
967
28
483
826
27
456
581
762
332
245
913
238
522
215
117
314
822
353
354
81
339
963
186
950
377
58
510
125
972
395
316
636
307
931
550
552
317
534
726
237
30
298
101
933
894
575
123
244
123
485
968
814
701
610
273
581
103
367
982
995
830
878
609
257
177
738
561
938
200
522
996
375
338
635
331
999
78
585
199
186
819
466
337
362
747
344
703
175
762
937
739
958
308
821
213
869
668
403
1
797
402
71
595
428
676
828
199
911
565
530
349
704
10
636
585
66
841
985
769
806
749
453
583
800
756
804
630
475
801
474
98
606
301
882
576
434
17
169
844
856
926
781
618
348
613
311
460
832
827
490
730
422
396
944
935
183
977
200
936
761
268
21
759
271
447
646
78
371
860
685
720
553
87
295
377
664
944
263
813
178
61
311
894
549
692
916
167
669
390
484
525
464
423
223
518
558
450
47
297
267
634
142
709
939
251
907
926
977
518
280
817
427
923
834
297
365
449
502
666
368
721
205
379
951
241
307
417
454
924
274
206
664
254
326
480
579
214
717
341
26
484
461
813
655
97
321
256
58
430
802
750
779
149
542
597
200
324
487
389
211
912
770
112
596
165
659
61
462
331
754
931
424
861
372
482
682
92
32
870
34
632
883
893
10
382
171
343
8
940
69
870
386
545
908
843
955
75
159
295
983
224
669
995
863
470
279
423
977
118
554
287
447
170
855
276
442
672
369
6
426
654
867
423
477
717
547
27
835
339
791
172
385
24
882
433
194
778
179
814
14
916
43
383
5
673
73
887
293
694
827
877
228
30
779
549
290
455
868
981
117
281
983
918
851
287
238
658
262
326
924
469
271
938
56
387
450
520
124
289
977
134
246
992
679
935
786
684
596
371
738
636
960
754
243
489
870
929
685
113
662
309
894
757
895
477
12
30
15
404
654
711
776
891
341
604
514
326
116
848
983
629
297
20
150
450
287
67
975
418
889
394
792
204
645
621
306
151
603
53
971
977
313
629
608
417
149
588
151
814
597
245
599
352
598
73
116
396
983
535
811
806
937
625
230
311
117
568
364
637
410
362
560
114
498
783
924
492
816
596
411
123
113
286
728
890
828
480
126
445
566
136
500
369
478
731
172
113
986
881
337
164
125
955
371
379
565
689
697
536
101
312
945
387
484
32
614
590
223
428
415
816
82
651
768
271
390
723
976
670
280
45
566
190
558
659
928
401
183
822
729
433
517
525
694
863
337
703
470
192
100
625
156
410
334
804
946
948
645
829
619
827
378
560
685
561
147
7
426
983
753
467
514
932
919
62
414
670
334
311
675
788
462
116
480
286
469
782
30
572
93
934
172
156
334
382
548
727
240
858
382
355
498
772
710
219
300
951
636
169
397
956
217
694
602
536
625
617
316
159
441
307
5
265
933
956
870
994
54
966
992
40
143
686
29
117
411
187
570
36
293
263
876
593
676
130
571
521
904
750
703
401
717
926
566
394
467
695
704
217
623
552
287
37
370
694
46
450
308
632
900
818
125
858
653
875
40
924
478
260
276
690
347
193
920
863
902
373
370
266
950
647
228
875
154
510
547
623
584
878
957
30
799
396
103
534
725
54
417
729
414
843
671
801
498
402
964
411
241
999
629
809
93
368
583
674
780
286
886
308
569
230
115
362
246
399
344
688
248
606
340
739
375
764
622
222
329
98
127
870
946
507
961
279
745
703
622
344
266
57
78
218
379
574
632
934
366
309
220
459
290
270
147
151
590
915
900
157
963
267
612
133
461
229
849
9
966
650
291
947
511
547
88
924
668
410
146
239
514
20
774
252
703
923
372
601
838
914
558
523
6
882
696
226
471
610
802
122
376
291
44
350
951
273
439
959
486
597
196
994
790
191
43
391
51
401
610
101
52
519
984
468
13
75
749
586
803
717
664
703
531
135
428
892
543
70
896
934
718
884
434
393
671
891
455
903
362
452
929
368
35
189
894
67
51
193
617
698
309
354
551
947
626
249
183
947
722
438
527
622
232
467
856
889
768
282
301
257
935
456
821
68
223
737
155
316
78
490
686
52
546
837
434
827
339
207
498
718
965
134
87
426
408
982
234
903
710
947
994
112
512
864
395
390
861
542
435
60
768
464
202
422
725
19
294
203
473
587
895
513
195
873
157
519
370
992
109
461
796
951
634
672
367
705
702
771
624
792
500
735
391
8
680
730
763
215
734
573
799
882
452
200
920
507
413
832
74
559
91
833
662
851
712
222
10
863
9
533
253
995
104
120
189
854
676
198
303
973
111
336
874
960
700
79
273
88
59
898
451
709
730
29
649
500
777
150
635
366
266
97
927
811
60
556
175
709
675
660
782
730
365
790
6
689
579
586
129
517
874
249
467
415
221
359
656
317
937
691
519
913
340
100
762
565
843
854
713
218
607
810
522
376
123
539
888
360
5
933
133
669
886
368
116
104
496
794
296
243
27
738
298
541
380
24
347
612
666
339
399
385
494
443
282
957
214
644
618
626
838
652
504
572
957
203
916
862
751
33
404
985
508
310
424
46
372
563
397
797
149
230
733
638
139
202
655
317
986
869
929
827
187
595
286
599
337
471
997
51
702
794
792
243
135
868
85
432
233
967
933
522
103
140
142
61
817
165
344
594
794
737
616
759
38
782
492
409
86
392
268
260
930
736
193
861
954
920
485
471
504
130
966
97
213
928
336
801
727
271
278
618
3
221
709
553
821
297
37
966
930
937
477
389
950
318
666
211
62
653
532
398
868
935
77
398
883
431
878
0
902
355
367
721
985
348
11
350
291
848
814
842
95
31
228
818
134
298
440
82
170
863
813
146
169
649
500
155
980
717
867
708
11
567
286
281
799
683
269
362
644
615
962
114
57
373
421
182
542
95
806
261
992
611
294
991
771
406
274
974
933
285
12
105
971
790
240
104
578
429
369
393
308
762
278
81
734
472
420
654
658
153
560
881
69
820
873
569
302
833
424
450
354
555
398
581
377
860
232
817
14
871
201
511
16
886
60
875
240
395
461
942
798
228
499
144
556
903
667
603
687
605
924
243
438
764
643
642
464
269
843
992
14
860
154
47
794
885
155
356
27
267
547
314
606
19
698
56
139
88
281
523
433
856
42
790
190
980
464
397
886
773
572
922
335
161
449
822
648
12
244
193
588
907
604
653
631
212
554
125
379
418
77
619
279
205
101
854
701
638
569
922
311
191
983
186
749
81
272
160
805
751
62
117
15
960
42
764
692
378
366
825
915
290
516
96
327
0
641
351
329
86
714
677
485
409
121
580
483
313
356
425
597
59
18
181
0
885
938
412
273
641
219
986
125
587
362
181
116
477
635
790
628
354
631
441
942
862
725
300
646
468
929
589
668
954
454
779
170
439
49
86
58
37
459
931
662
482
899
848
19
72
454
390
650
739
171
75
996
226
424
319
66
359
994
655
814
474
845
973
738
890
713
681
435
98
421
192
217
298
850
875
214
116
654
355
592
111
140
447
93
650
557
128
394
438
821
724
280
397
92
390
20
497
431
831
257
76
258
446
667
631
237
3
811
575
936
105
746
378
356
57
852
184
144
27
627
164
333
320
965
912
302
907
507
136
327
814
862
744
161
904
768
831
119
724
844
572
848
733
156
719
393
253
701
649
838
317
369
701
5
990
32
0
64
967
36
948
749
408
896
240
27
522
859
604
275
441
831
607
553
178
689
755
21
14
620
273
202
793
439
134
499
836
855
343
269
142
450
369
885
425
258
977
630
777
361
354
182
639
551
101
583
684
758
250
333
569
766
428
89
555
706
195
609
364
989
75
313
220
842
778
386
151
736
407
189
663
222
166
813
474
976
552
526
159
286
215
446
114
854
718
990
895
669
199
660
147
23
935
553
126
104
756
898
388
422
198
781
99
862
923
490
894
783
509
531
40
254
606
538
701
479
516
429
426
861
159
992
581
103
614
544
479
168
82
647
181
512
163
49
246
476
150
274
959
470
800
154
482
674
956
406
893
143
624
739
767
54
510
169
557
691
686
723
691
629
697
831
734
595
648
918
357
76
210
585
800
139
37
669
873
494
60
997
56
265
967
875
826
748
185
467
833
46
786
628
886
579
628
468
411
265
34
847
77
484
524
411
487
449
624
379
674
989
787
293
520
850
589
506
808
538
131
322
715
883
845
34
877
768
543
515
527
176
694
88
666
982
32
572
358
772
37
133
168
972
701
633
161
84
383
955
235
821
233
338
152
712
693
279
795
318
440
576
871
931
294
894
334
998
489
695
785
288
665
337
895
598
565
444
25
868
535
11
578
360
918
623
619
153
773
847
780
426
769
927
183
894
87
204
95
265
844
658
350
161
918
690
403
584
439
604
650
239
243
941
366
96
743
852
930
824
457
982
845
855
774
788
843
550
22
215
592
595
316
440
31
364
89
349
625
134
121
251
394
592
549
261
733
337
439
15
783
923
365
489
329
986
324
779
223
589
541
906
221
784
445
444
873
339
703
69
516
755
228
943
507
859
155
231
498
951
235
66
887
660
36
148
476
143
822
992
6
977
674
153
643
947
677
475
720
204
146
935
80
956
878
962
857
612
887
105
745
69
918
378
766
393
148
682
362
121
337
63
413
964
47
209
693
465
301
586
312
490
800
902
954
773
651
449
114
640
663
116
414
719
541
508
951
77
192
919
592
757
625
211
800
620
82
245
463
174
955
339
860
73
499
391
725
417
550
208
864
689
589
326
606
339
740
882
456
948
996
632
641
639
777
226
699
604
982
194
301
349
179
19
634
53
89
284
405
333
260
683
440
37
319
274
564
379
230
977
163
123
244
792
433
971
893
470
49
977
494
835
980
403
345
830
668
707
716
628
102
389
688
742
902
630
304
837
133
204
568
357
429
292
524
987
989
60
194
780
167
85
8
124
967
668
183
984
543
445
162
192
733
52
47
796
558
242
371
362
355
561
365
442
377
933
336
606
176
366
100
736
497
189
991
882
978
539
92
725
878
257
965
926
285
351
797
731
291
901
134
486
788
511
321
67
461
440
741
700
534
991
454
119
803
870
542
368
338
357
922
536
951
338
531
922
530
594
253
406
242
849
604
100
307
410
401
494
235
59
781
338
331
144
69
203
553
467
755
163
449
997
365
103
676
964
382
487
177
504
763
672
831
211
289
832
813
221
713
317
360
217
677
211
972
528
300
128
334
656
185
638
302
608
418
692
10
555
100
569
229
246
956
78
134
296
552
679
765
477
180
886
152
7
257
211
764
745
0
756
55
761
20
733
562
650
733
589
124
275
0
173
82
328
443
213
714
307
695
20
631
398
863
451
951
479
397
431
95
160
964
946
48
386
472
29
763
967
401
60
0
177
902
350
476
577
117
551
401
527
521
915
927
995
885
106
816
975
165
371
617
849
533
142
141
656
160
65
188
386
738
558
624
583
233
480
240
166
270
889
461
786
586
785
633
353
955
469
728
81
862
809
359
991
854
99
281
718
722
198
273
648
741
919
889
259
983
664
129
891
641
631
779
40
622
186
34
708
973
33
187
867
410
815
508
63
540
495
538
983
409
983
694
284
22
795
519
928
283
457
867
963
715
717
190
659
529
857
638
111
269
610
77
984
758
137
349
117
42
972
298
913
561
521
984
459
512
622
102
170
25
128
338
651
647
591
708
473
671
218
223
615
898
508
929
268
575
898
276
748
421
495
549
127
126
327
706
593
312
228
969
261
445
200
515
374
610
216
791
44
484
433
27
431
126
146
749
396
599
326
631
25
425
180
953
894
348
389
457
353
713
793
197
22
403
518
185
818
247
246
196
298
644
387
885
277
221
938
939
978
236
82
353
935
721
559
585
464
447
416
367
728
368
169
494
919
447
541
936
977
899
771
775
846
123
412
385
451
36
143
496
940
968
265
823
500
385
916
104
787
227
955
138
762
744
15
520
942
925
977
181
743
49
173
187
308
101
335
404
325
159
156
191
53
553
672
340
217
246
575
315
249
325
778
221
483
910
761
318
654
177
831
971
553
782
774
454
632
654
984
872
176
473
71
782
33
89
601
84
197
428
796
797
264
679
194
293
734
957
801
942
683
127
138
726
35
461
667
898
999
171
843
932
56
214
906
503
572
814
987
251
602
158
327
564
475
294
142
357
847
570
396
90
801
843
287
939
777
179
216
676
540
966
445
681
601
140
986
943
634
66
128
654
317
368
619
802
566
982
883
657
684
656
47
743
957
425
448
548
278
315
674
952
234
796
930
653
470
612
411
850
855
851
916
216
521
320
590
812
286
43
748
461
47
756
452
992
673
581
764
943
375
866
10
233
919
569
269
475
428
676
434
315
336
108
147
877
4
847
802
270
13
762
78
950
468
530
936
291
923
643
877
872
367
348
383
948
582
546
194
791
166
992
744
952
648
760
26
137
863
156
844
796
9
413
812
87
833
485
119
642
198
383
927
793
339
356
700
125
364
33
86
429
306
51
92
979
587
997
221
209
9
232
369
497
501
569
970
540
552
361
868
930
110
46
302
736
407
350
581
776
435
35
732
290
729
18
625
473
973
790
886
384
804
234
139
594
749
731
901
881
341
659
261
839
951
994
31
888
454
855
605
625
344
693
880
257
378
384
803
357
418
255
468
362
749
67
39
707
189
141
544
891
550
47
893
836
965
576
750
46
925
123
770
947
648
913
71
351
95
658
205
725
382
531
648
924
663
242
977
704
537
285
984
437
621
24
127
471
452
549
790
205
792
677
470
883
246
853
204
550
397
924
389
83
438
912
784
545
199
801
157
397
230
973
256
107
334
538
993
842
953
419
363
305
243
802
46
141
542
699
500
988
999
265
45
692
636
801
248
77
265
340
358
837
806
299
388
882
310
379
437
442
191
999
865
710
417
21
615
413
236
785
786
93
450
933
211
476
678
962
26
132
776
648
362
181
167
345
513
389
49
164
512
410
338
174
405
544
806
282
643
366
125
57
827
987
986
269
129
966
535
431
813
235
265
481
196
745
716
709
154
960
939
708
862
864
686
282
267
524
648
911
871
518
827
345
330
732
490
308
164
232
819
660
938
325
112
962
175
613
897
369
532
919
687
620
268
286
695
129
6
237
793
77
31
975
44
459
995
987
920
552
256
188
367
789
39
734
744
119
120
620
746
427
986
911
130
459
532
49
985
269
722
160
645
747
911
710
514
853
595
108
589
178
1
431
509
742
272
347
758
101
604
371
947
246
640
35
872
2
34
293
929
964
444
343
562
971
346
350
915
818
501
668
872
552
643
212
915
99
72
455
598
360
429
854
201
997
371
151
780
256
148
878
610
352
783
912
442
825
542
501
219
829
21
406
755
342
913
345
60
200
243
334
971
739
904
441
855
78
958
640
723
919
837
455
903
311
367
455
785
586
853
693
284
436
0
254
162
167
377
80
732
25
702
516
10
659
473
968
328
516
654
793
32
3
24
965
518
572
897
814
757
305
381
403
99
402
986
905
491
512
622
974
999
786
308
894
519
611
308
70
970
307
934
606
816
217
75
84
43
762
144
667
784
923
952
643
421
875
141
577
960
36
955
191
673
224
481
351
725
919
261
784
649
983
850
851
983
365
856
912
880
839
817
961
854
964
860
840
413
275
191
556
253
816
189
975
886
501
666
987
769
181
311
698
71
107
439
253
57
50
229
964
26
366
367
140
717
751
875
831
222
558
996
406
960
559
505
913
699
102
690
574
935
135
136
592
897
581
616
183
537
748
988
941
270
75
255
881
183
632
426
733
614
143
567
65
483
806
881
778
691
975
454
549
26
273
227
165
876
240
482
629
276
184
346
560
215
513
675
851
448
372
405
331
833
868
124
627
106
472
850
990
825
141
625
883
135
64
611
439
179
616
408
572
877
370
179
214
209
254
522
94
701
423
432
472
985
952
720
583
827
602
448
641
187
138
16
549
202
319
997
520
242
569
535
870
577
5
147
838
984
501
29
87
266
140
454
790
604
695
422
162
40
871
911
806
805
884
150
157
430
235
54
877
733
263
570
786
796
246
822
458
480
834
195
713
755
400
749
91
204
485
659
22
109
372
275
883
697
421
679
193
920
759
872
921
856
550
717
897
409
776
576
896
862
1
469
560
979
694
312
241
951
238
770
265
455
669
183
322
252
82
992
124
971
504
752
970
23
922
669
249
101
840
292
754
12
974
745
600
519
275
946
653
560
39
479
223
618
189
433
872
771
600
500
699
660
114
42
698
495
815
541
653
436
337
376
956
40
37
154
78
994
650
41
522
547
730
703
618
914
256
131
976
801
809
583
585
31
584
130
622
515
18
761
865
714
936
46
228
853
618
269
373
642
904
911
653
884
244
205
328
10
147
299
680
50
123
214
730
96
855
547
834
711
541
86
977
434
432
524
820
391
41
597
241
296
720
849
211
888
177
126
748
375
266
27
690
458
832
181
362
618
426
635
57
695
301
143
866
248
294
92
73
282
654
647
326
35
751
963
941
458
213
653
299
364
344
784
595
421
534
750
990
706
413
93
608
799
502
105
967
634
581
923
687
450
5
286
585
813
873
17
570
717
444
918
703
295
818
223
239
824
144
472
1
427
573
428
675
27
532
255
812
938
218
909
770
964
282
502
853
523
376
359
477
303
187
446
406
562
467
834
953
461
569
820
839
938
822
14
854
664
916
374
430
796
289
366
189
962
545
332
750
696
571
145
897
475
932
473
300
929
456
518
190
330
623
632
780
931
19
797
5
392
72
849
264
38
277
746
869
882
479
427
305
865
612
763
595
566
908
705
755
273
652
127
475
306
757
143
413
354
841
974
715
17
781
140
958
490
34
757
278
631
398
32
801
978
223
849
407
82
832
420
153
550
572
848
345
689
631
646
997
450
83
669
382
918
568
12
309
684
341
67
804
21
595
470
882
231
874
38
128
92
394
590
121
755
547
47
919
731
688
864
656
904
238
814
840
715
731
76
671
170
658
543
787
193
658
225
512
379
782
536
52
673
464
402
623
574
166
943
552
844
494
946
155
119
502
501
429
301
484
921
354
958
540
79
86
69
56
238
616
691
273
841
253
932
372
756
648
312
288
915
303
385
148
767
969
308
573
718
203
78
309
310
706
340
176
413
546
751
583
88
981
322
775
574
528
561
988
857
911
64
686
776
969
357
38
907
70
195
18
669
212
756
612
391
537
378
769
191
995
273
373
508
491
573
347
532
81
388
98
780
48
24
852
483
618
804
152
643
470
751
767
533
885
401
643
609
837
569
395
255
661
913
172
21
679
32
730
949
619
330
988
433
472
629
781
702
413
826
134
907
182
29
0
532
594
107
16
695
985
792
468
826
603
730
425
207
252
134
343
702
331
989
156
493
530
34
93
582
632
467
956
149
121
841
58
116
15
213
845
182
794
713
501
380
562
305
89
207
830
724
327
603
733
491
472
491
402
988
849
727
445
43
166
695
539
366
969
947
159
84
480
993
50
585
309
57
287
8
190
792
233
678
125
151
101
126
747
472
876
639
925
557
489
582
272
293
401
425
288
883
664
850
212
388
999
404
142
957
459
229
718
31
402
119
54
512
719
236
280
391
213
214
324
284
479
353
294
337
934
30
276
97
452
60
572
972
805
853
500
780
925
610
308
111
220
404
285
1
6
144
773
901
200
862
994
32
573
319
748
466
718
80
144
569
487
887
502
364
470
209
596
2
751
61
963
164
251
809
831
261
871
31
205
173
745
363
749
516
109
220
798
57
709
804
456
703
423
238
269
809
336
787
593
690
886
425
929
603
988
465
928
138
534
507
195
643
84
776
870
110
284
524
656
812
856
46
266
607
222
541
557
502
974
592
336
802
470
626
425
104
290
705
843
290
335
186
981
316
878
186
531
224
742
819
574
943
426
241
143
213
385
968
842
983
125
268
965
876
515
13
406
989
929
525
252
450
606
654
350
523
626
29
248
432
78
373
957
325
855
890
614
821
556
35
751
361
863
491
963
269
465
524
78
432
861
824
280
239
526
221
770
301
212
52
848
496
690
727
599
26
787
717
240
482
451
347
658
7
922
424
150
266
419
933
76
997
531
639
107
507
452
698
69
572
345
212
720
493
180
860
457
443
43
29
340
218
858
363
550
622
945
208
699
541
662
331
868
591
326
149
704
779
764
730
843
839
900
369
276
251
985
688
895
163
482
119
308
255
196
366
895
121
137
158
446
99
894
153
9
170
178
808
859
555
2
215
880
840
105
102
751
470
685
783
646
326
685
102
148
863
222
234
673
709
197
111
394
616
134
694
321
203
963
114
666
430
113
95
368
259
852
680
165
810
643
829
472
881
990
616
913
556
628
386
160
197
649
423
180
552
444
907
31
477
398
863
718
138
934
300
951
108
146
203
267
771
41
598
731
928
891
79
286
195
969
371
176
29
217
705
303
966
426
413
967
76
382
524
189
810
893
588
681
208
806
730
396
21
361
903
577
845
247
335
488
104
435
815
85
554
722
275
672
272
621
273
589
589
840
901
371
809
242
538
466
883
477
218
869
35
495
234
296
735
391
453
267
727
812
460
203
127
951
798
154
465
905
714
13
4
302
518
219
733
753
322
6
920
593
214
42
835
897
325
754
823
518
197
562
124
665
348
71
392
884
729
738
996
369
155
355
667
750
698
242
328
757
344
393
635
896
12
542
159
290
579
925
483
912
771
553
187
638
789
779
634
485
102
107
406
859
850
347
937
435
662
628
935
595
409
383
145
493
726
478
20
541
592
811
974
697
770
789
639
206
122
52
840
71
529
530
852
41
43
809
111
666
261
307
846
943
647
685
261
340
16
277
823
279
304
866
205
238
111
346
334
798
31
142
655
781
984
402
320
671
744
393
19
685
140
134
241
477
736
621
779
218
791
631
618
131
552
516
995
658
925
307
459
587
889
773
746
980
589
456
39
619
567
423
224
882
479
119
580
192
759
868
448
898
903
482
930
7
586
591
525
9
377
389
41
70
234
14
246
702
21
32
517
504
930
880
771
21
626
194
275
414
416
454
327
440
476
919
363
293
532
94
934
263
279
235
885
742
936
675
662
441
579
253
126
209
975
70
791
504
792
92
578
385
287
128
421
569
873
316
425
450
809
988
994
249
611
394
580
357
190
401
918
976
740
971
318
827
257
278
761
89
990
41
45
805
977
212
813
64
3
965
431
578
197
279
454
706
616
317
344
825
440
693
811
192
139
671
792
434
276
324
564
443
959
468
455
880
72
16
371
457
909
870
147
969
404
338
989
46
154
561
766
588
954
449
296
588
406
677
834
41
660
693
612
211
704
393
422
660
282
614
604
520
292
769
632
930
499
345
828
586
743
841
506
850
912
971
786
776
55
784
7
397
830
811
310
108
669
718
396
438
34
707
379
466
132
133
177
467
28
680
38
609
89
882
887
241
686
309
92
376
66
141
18
187
796
67
741
930
913
84
366
194
956
852
557
106
536
788
268
654
653
795
431
127
613
696
35
795
617
189
858
192
581
847
944
260
668
514
182
1
129
273
361
684
524
596
429
148
230
946
867
279
577
669
540
64
926
838
969
661
348
221
49
493
626
210
918
327
529
362
300
421
529
833
823
640
774
510
16
565
375
444
971
996
28
748
504
433
889
688
300
603
363
395
36
218
149
20
230
375
319
465
235
403
36
519
261
313
351
960
689
39
42
502
656
807
946
179
568
637
866
171
410
225
306
857
280
236
363
470
549
791
442
585
88
574
71
104
767
316
914
932
428
600
297
275
630
998
479
814
119
120
836
555
941
458
629
213
256
934
168
759
847
36
487
416
271
147
158
695
696
621
66
144
814
628
704
703
633
170
112
105
409
87
668
467
595
660
320
930
736
268
536
737
440
82
208
328
210
572
476
1
982
855
517
559
818
229
933
911
341
898
823
704
171
213
174
807
350
25
480
147
965
922
198
120
796
92
867
759
639
359
422
10
604
592
350
644
52
161
578
255
822
425
770
312
137
598
29
637
3
150
864
6
778
36
71
817
158
240
515
439
570
504
576
653
933
154
474
821
985
468
44
162
679
162
52
579
525
838
494
382
470
486
979
614
84
215
686
215
124
224
244
374
94
769
325
366
759
602
531
517
613
200
750
845
270
634
593
614
845
394
333
192
235
478
687
295
766
470
881
775
88
281
962
383
759
712
82
986
660
532
751
304
746
859
525
763
957
709
517
837
773
245
125
199
805
723
224
772
820
318
561
45
816
78
73
965
178
736
139
4
65
627
144
642
702
784
789
353
162
318
637
436
232
211
259
742
946
903
968
283
451
457
549
220
246
381
926
974
914
230
131
881
531
45
52
462
957
691
977
282
79
59
379
880
906
136
835
986
637
414
580
679
102
789
791
184
647
968
923
549
251
916
551
701
476
124
630
898
18
273
886
619
81
406
533
27
304
329
896
142
161
230
641
52
98
534
60
390
359
140
110
678
834
768
91
419
961
821
683
313
689
645
535
695
380
796
22
538
253
809
167
15
500
393
546
54
570
278
559
330
306
181
362
853
650
765
50
640
749
467
661
663
663
395
322
715
892
393
666
642
597
573
875
225
272
460
779
89
699
779
661
623
324
647
995
813
424
808
97
911
638
308
321
976
263
239
913
523
845
536
861
901
325
255
618
455
42
979
512
497
480
336
538
570
257
613
390
980
351
252
683
381
607
954
716
104
758
38
432
297
291
822
835
584
952
517
421
605
879
690
45
18
565
329
474
614
53
508
677
677
468
525
222
381
476
26
9
835
711
899
461
228
826
511
993
976
579
826
851
280
273
396
390
432
223
979
648
456
92
496
446
340
786
959
268
259
608
8
644
149
478
994
953
350
749
327
370
807
257
315
254
108
317
630
8
295
425
153
712
3
753
797
211
221
357
351
889
309
953
991
857
611
280
280
275
771
434
122
585
931
735
571
699
44
182
748
318
851
703
919
560
692
330
207
554
780
738
384
674
181
185
821
892
719
656
872
573
305
243
987
852
238
752
726
110
692
266
282
308
521
486
34
994
870
65
553
854
405
396
78
515
343
541
348
154
694
19
862
492
889
494
288
534
342
416
312
498
721
580
499
102
787
90
764
763
734
187
816
675
692
391
917
920
840
993
977
413
164
828
902
932
721
429
83
116
149
188
470
875
943
863
685
144
198
61
820
622
439
293
608
526
998
240
242
804
219
929
911
603
45
864
341
272
877
293
120
496
905
239
867
967
897
185
626
934
174
309
907
408
358
497
781
617
381
347
264
220
693
769
508
15
918
65
198
757
232
842
629
440
957
718
731
176
580
724
415
677
520
398
639
661
807
236
506
114
750
786
51
211
242
621
626
845
649
286
861
102
935
824
916
310
804
36
594
723
843
934
271
831
150
571
362
144
381
706
964
860
581
492
600
550
357
153
566
681
811
200
271
96
637
547
122
424
172
877
685
443
827
289
456
986
117
536
915
862
356
190
559
523
430
138
2
305
434
632
636
928
641
317
175
479
887
7
891
153
360
414
143
573
175
306
76
873
498
794
131
83
697
974
447
643
950
842
461
935
102
480
136
156
253
425
817
519
376
455
731
366
972
946
180
677
932
317
576
352
151
964
816
154
72
197
943
152
767
560
165
925
549
212
269
59
940
967
641
571
885
993
997
545
460
750
825
671
405
750
712
4
10
307
749
920
940
294
485
967
574
590
487
535
26
23
584
144
371
803
356
872
561
967
919
839
971
757
89
230
527
409
319
927
349
946
38
392
834
31
523
122
304
27
798
553
578
822
581
735
92
66
677
425
417
383
891
677
87
683
832
814
182
130
922
151
110
341
48
264
877
466
382
855
879
472
22
998
720
605
904
308
13
287
600
715
513
651
517
718
27
933
810
853
620
972
966
246
623
353
782
730
90
164
882
465
224
3
44
994
400
929
756
835
889
622
113
218
540
296
219
838
283
174
196
597
552
789
996
610
150
961
660
42
60
337
34
828
552
640
795
131
320
724
735
353
11
700
917
145
910
410
527
225
483
819
801
251
668
623
587
838
821
522
766
837
88
934
507
988
737
114
15
987
121
506
291
817
977
324
639
173
188
709
766
619
87
583
717
66
141
360
630
582
450
87
361
895
937
957
217
46
441
501
988
670
2
985
780
846
765
987
468
810
618
397
956
369
91
894
605
303
558
626
888
743
280
556
216
804
428
730
112
588
314
149
431
650
781
708
216
630
605
236
926
395
459
110
157
518
731
197
156
454
883
706
166
731
714
190
103
815
324
43
364
252
546
416
339
241
798
55
10
420
684
20
899
501
308
244
741
229
491
583
502
498
97
412
140
296
990
8
867
125
6
643
288
937
252
807
764
263
922
437
941
557
110
70
782
556
336
899
639
964
111
785
687
16
972
612
397
897
711
847
831
417
861
557
25
743
91
120
551
890
28
268
542
179
774
966
604
52
51
206
280
918
900
86
364
924
823
662
791
642
89
358
367
185
390
767
947
618
493
686
759
252
185
598
816
132
186
593
976
608
443
275
204
104
44
651
568
473
879
846
516
183
751
257
983
887
381
699
418
782
397
486
48
465
533
344
377
18
77
626
886
804
177
572
14
988
172
770
535
228
15
832
929
228
143
221
812
367
461
79
153
344
958
739
398
135
643
846
507
155
795
654
450
701
652
518
548
591
672
66
61
192
420
319
497
142
196
678
137
646
58
653
414
154
70
473
326
144
631
293
459
210
784
32
505
815
333
277
840
566
909
124
863
435
33
465
658
87
58
302
970
656
385
866
147
914
192
741
955
928
862
959
861
908
16
540
973
558
955
645
15
308
493
39
928
695
491
384
230
685
165
59
147
720
254
58
965
51
56
827
529
868
884
536
821
899
975
495
613
725
464
842
212
941
749
972
941
136
806
602
850
323
649
777
641
36
844
777
591
553
218
29
76
328
828
758
974
220
777
884
234
673
952
160
733
277
642
329
640
307
124
817
666
93
866
955
447
117
136
691
215
688
650
681
865
760
523
996
638
452
82
792
362
374
160
403
684
465
950
305
775
724
580
210
290
808
20
421
114
858
645
780
71
157
363
387
11
695
476
605
775
870
422
958
960
567
899
887
790
499
38
745
581
255
48
529
477
806
723
740
420
533
992
591
44
538
131
550
527
674
684
95
733
894
97
330
536
441
406
231
943
777
447
620
503
703
404
714
896
492
963
115
235
363
548
386
625
637
589
662
927
540
86
612
262
880
135
937
839
352
613
361
731
806
203
223
736
729
805
193
735
607
288
638
226
855
678
31
116
305
493
400
817
787
367
906
460
672
748
862
167
591
347
647
357
422
424
277
476
912
647
362
750
634
103
498
102
574
817
380
311
106
488
423
848
504
642
899
732
331
220
486
815
267
749
319
722
109
929
410
527
562
549
312
392
833
250
419
650
932
922
523
543
332
600
816
897
386
548
444
842
323
52
532
696
695
670
547
302
951
737
659
966
608
540
169
787
576
878
355
362
52
276
217
264
747
434
454
262
259
809
577
674
894
998
84
888
664
586
616
61
728
158
811
572
769
335
79
81
140
999
944
802
11
372
498
110
868
146
253
141
576
907
878
872
359
903
299
522
746
143
306
531
717
714
6
613
807
339
816
351
503
514
742
967
557
630
986
732
362
116
290
826
364
353
647
519
762
371
140
178
777
670
357
627
281
595
953
693
287
35
30
824
775
633
104
36
37
893
493
704
536
644
264
711
837
469
760
420
107
399
924
228
200
470
21
914
744
348
160
657
836
340
822
362
399
121
786
5
976
989
631
724
876
862
724
794
348
651
692
475
359
437
254
549
172
880
118
564
70
761
598
204
211
161
556
607
339
991
721
230
154
435
60
124
370
151
41
678
664
800
353
119
776
362
158
312
824
59
291
45
103
325
807
618
264
159
100
692
919
253
104
684
518
723
327
158
12
233
387
608
331
696
601
46
500
931
337
554
641
897
714
744
447
366
487
96
542
657
850
965
119
777
68
530
529
48
830
340
623
73
167
827
954
830
930
450
118
490
962
581
107
998
398
506
907
103
51
593
683
924
178
917
527
365
720
876
759
863
939
283
968
988
616
147
336
663
902
40
818
69
110
935
946
39
250
439
85
844
439
737
304
491
888
434
268
775
8
807
739
387
140
767
522
484
875
604
58
278
90
91
724
942
520
764
41
999
387
947
563
297
950
220
292
435
816
406
953
657
953
686
10
73
275
764
209
799
155
82
684
96
546
561
152
355
805
638
60
963
245
258
864
658
748
999
817
920
197
150
538
145
166
517
63
844
269
349
897
103
972
746
753
240
178
132
347
423
224
27
945
551
541
471
536
987
734
397
563
477
645
597
387
713
220
872
248
881
902
216
974
634
363
367
238
3
366
489
560
357
21
134
506
918
381
287
968
952
271
778
936
662
370
289
56
575
62
988
398
883
650
15
868
322
683
54
415
92
722
356
890
299
865
763
132
684
633
886
778
693
987
67
114
448
129
732
765
758
40
428
600
823
693
766
704
405
281
113
215
272
146
817
63
340
311
367
770
374
687
856
540
982
303
187
853
639
303
787
999
177
103
860
320
288
579
635
548
773
400
838
867
306
378
219
850
395
555
229
553
952
522
680
721
391
46
814
79
966
566
786
905
822
70
993
507
851
112
824
558
824
364
849
607
479
845
431
192
862
618
905
405
757
118
500
660
348
77
712
514
970
531
548
950
336
82
494
877
83
895
899
249
880
642
228
326
827
897
905
19
344
984
264
937
426
582
742
124
665
831
126
514
558
274
79
548
179
526
551
921
653
934
758
73
523
429
221
461
185
496
981
313
237
631
596
330
138
912
955
178
194
576
475
589
535
646
101
879
74
158
880
828
605
519
501
715
844
282
143
480
709
839
295
916
552
510
403
612
738
118
398
299
12
293
867
5
384
773
739
329
35
743
262
697
534
655
838
857
143
804
783
890
916
250
594
586
599
990
657
754
309
693
893
508
321
505
562
958
150
866
221
135
321
125
580
909
188
11
843
153
423
88
15
552
378
421
435
558
85
653
960
521
608
34
74
431
998
609
309
421
924
392
486
990
88
890
94
380
613
685
449
718
866
209
277
877
994
156
806
829
598
870
502
653
190
663
442
642
800
224
871
678
599
509
819
905
860
156
809
897
474
930
44
940
747
771
292
559
384
403
279
417
46
958
478
225
172
657
800
624
153
859
781
821
410
731
624
580
393
127
128
658
825
742
800
239
38
323
785
240
986
382
217
991
585
776
605
162
22
164
802
69
374
597
801
877
394
95
689
731
715
70
551
752
510
165
112
475
863
596
743
900
785
409
441
420
339
9
637
276
815
587
50
750
356
394
281
379
691
685
538
738
150
13
362
618
596
58
361
676
226
490
538
832
651
759
483
795
128
132
204
938
763
108
773
13
197
751
440
139
872
57
566
733
630
81
62
506
344
227
487
119
835
714
22
88
892
342
355
272
228
765
422
505
431
458
423
616
87
287
195
0
245
735
618
65
287
437
438
437
421
11
702
359
14
928
648
576
631
888
149
439
435
657
989
316
703
256
716
474
644
750
269
447
535
251
50
609
925
349
270
174
896
349
737
224
711
894
507
515
305
475
556
92
922
459
255
280
494
788
599
47
50
225
82
891
410
201
586
697
829
142
434
866
364
142
454
222
834
82
43
134
214
801
573
708
635
136
927
553
976
280
549
995
987
828
222
873
273
549
198
189
505
156
47
229
318
251
223
429
387
976
388
300
600
447
364
153
955
755
994
155
378
33
554
170
893
490
270
237
33
650
889
681
654
241
600
282
706
622
25
569
638
427
315
226
846
297
125
153
374
265
882
513
56
811
74
529
34
287
981
755
821
174
856
745
832
267
729
982
858
172
319
983
623
535
275
700
186
827
587
343
952
764
941
704
901
914
337
674
768
671
175
950
817
683
847
490
636
510
383
53
77
145
279
433
258
697
888
966
728
81
43
431
982
595
863
323
150
274
962
675
274
263
744
259
971
471
489
782
524
53
677
826
581
409
203
213
211
404
223
963
757
935
489
189
538
383
962
352
286
231
514
567
116
123
309
629
44
812
932
571
629
428
743
466
822
104
832
974
495
45
339
512
149
568
457
606
186
206
460
944
458
277
845
426
633
285
401
625
691
711
394
924
92
912
210
553
757
113
954
264
520
215
456
616
795
522
911
332
864
244
320
978
117
832
663
16
399
556
128
619
258
68
384
573
83
4
840
218
366
482
556
848
59
270
386
768
955
551
366
13
393
828
35
704
44
747
131
877
561
377
831
22
269
39
882
66
359
621
991
66
116
470
220
152
893
799
462
556
675
181
355
780
50
762
671
975
75
84
750
878
67
610
569
959
697
116
667
536
853
582
987
517
452
144
404
190
784
389
447
623
12
886
186
981
405
683
514
930
324
909
972
502
553
739
898
202
553
158
785
905
439
235
846
822
113
909
33
972
665
149
57
398
748
495
751
260
592
562
671
678
174
483
97
8
815
630
718
915
514
979
558
883
339
193
102
154
168
90
974
512
389
338
985
117
847
868
854
981
701
435
515
719
819
3
497
626
408
970
874
533
624
342
463
97
212
907
614
420
596
113
705
725
390
344
546
855
40
273
306
949
922
867
201
248
271
895
527
24
74
408
177
988
734
922
423
791
69
894
899
914
234
87
276
752
922
124
704
857
636
506
952
823
682
862
613
447
351
916
360
644
936
982
663
182
560
756
372
425
236
317
791
166
197
456
524
755
731
337
959
799
686
171
332
238
936
286
91
517
831
686
968
435
287
488
497
93
587
817
600
4
771
940
104
988
90
48
469
452
943
948
372
717
619
776
641
864
594
617
936
897
330
544
155
554
33
641
994
325
179
187
8
434
704
16
618
889
692
722
714
101
104
760
394
870
159
804
445
752
195
27
583
861
901
792
612
884
83
29
238
276
651
791
680
673
726
244
119
857
304
780
985
876
492
586
429
254
724
253
498
499
78
791
316
413
179
545
321
701
561
257
225
100
736
889
300
660
825
685
781
280
49
193
364
412
750
884
722
66
993
197
453
587
457
913
115
815
409
326
452
449
327
288
8
473
61
365
767
463
956
726
175
417
244
244
968
369
209
685
748
518
640
10
82
838
327
494
705
797
738
869
193
900
905
406
254
41
783
191
374
902
949
595
738
233
669
827
265
416
659
494
159
422
21
366
732
742
172
425
665
363
906
520
614
354
363
656
455
413
121
34
349
101
575
409
112
555
959
72
50
107
255
565
359
421
317
310
601
961
564
831
95
927
575
341
797
888
82
489
607
212
400
172
720
873
430
44
943
60
310
416
552
360
361
374
97
528
684
646
291
298
779
187
120
139
155
806
668
161
344
22
243
136
991
176
970
956
630
374
658
936
24
407
79
761
124
44
40
419
685
738
839
838
269
777
167
595
450
664
845
329
410
778
174
6
523
385
832
348
35
693
590
259
398
353
427
716
318
819
848
681
437
46
968
615
22
534
328
237
929
287
780
348
5
226
997
722
175
508
926
876
681
845
438
160
894
250
368
188
338
464
861
471
511
70
812
746
130
565
88
491
859
231
519
494
747
505
306
671
648
710
312
288
164
833
70
595
588
958
377
334
708
486
652
177
128
158
29
740
189
771
649
537
429
587
904
219
649
595
267
42
978
121
466
236
880
613
74
722
227
361
483
916
24
642
656
434
939
113
816
968
203
739
521
316
731
249
4
984
740
325
243
766
448
602
815
757
89
838
535
703
840
719
314
724
882
374
838
743
748
277
481
26
80
673
292
288
376
908
519
15
918
634
599
665
222
109
716
549
963
247
968
295
166
891
842
360
894
73
96
603
937
220
851
790
280
122
68
249
32
727
981
990
885
46
338
221
481
774
85
682
514
308
129
341
402
91
623
742
208
317
172
547
820
788
548
768
239
217
223
714
128
640
473
400
595
678
672
670
237
832
950
39
210
98
630
566
783
761
564
729
892
998
517
579
953
655
254
261
577
235
336
120
644
73
736
193
550
750
541
17
45
969
491
544
824
653
484
166
818
618
470
942
230
672
32
863
373
218
518
295
394
795
36
70
311
951
958
693
793
112
190
194
285
620
335
425
558
927
990
992
487
59
537
471
50
488
583
986
539
57
239
428
983
845
909
866
198
14
487
441
263
802
214
669
819
764
415
903
465
103
721
409
441
614
89
833
628
50
633
305
512
96
575
431
458
286
145
374
460
579
287
127
342
848
849
605
136
903
839
676
437
438
143
461
636
648
505
57
960
392
47
159
480
507
64
676
160
265
3
478
70
559
609
581
209
805
139
838
722
167
323
374
487
474
470
935
149
637
854
362
443
473
430
449
518
70
935
815
790
339
664
631
119
233
874
14
395
957
401
278
669
153
990
616
9
430
833
924
183
392
956
440
511
838
419
43
998
812
40
917
30
319
499
869
692
852
190
558
690
373
102
527
445
297
29
574
633
951
53
392
800
111
743
47
913
925
713
472
989
51
206
80
133
617
832
395
368
868
601
121
49
88
446
6
212
379
364
852
585
808
141
182
409
885
979
475
69
2
261
702
951
581
871
566
992
814
419
463
832
252
30
124
452
315
78
926
825
459
591
918
814
430
917
331
416
629
939
577
232
103
290
830
663
456
237
458
353
962
65
226
687
314
674
313
118
681
729
836
438
997
170
504
629
908
25
987
385
605
732
203
860
195
84
335
561
206
549
320
934
335
549
123
914
368
721
110
965
534
339
836
263
349
48
799
976
366
397
1
759
687
410
775
263
967
903
371
843
820
411
724
433
403
211
68
364
964
55
862
532
631
288
9
57
854
910
366
301
625
190
762
591
712
777
40
563
753
463
78
846
998
754
786
632
946
384
922
178
312
584
909
631
143
821
528
519
950
488
209
39
704
335
234
396
220
44
426
357
781
393
598
337
920
911
983
797
855
774
424
184
993
551
95
634
499
397
973
246
816
90
452
393
32
509
828
147
32
368
585
162
949
360
85
765
646
335
142
878
158
515
707
641
851
697
976
833
374
348
155
594
159
671
979
345
548
955
5
799
813
49
66
252
192
529
496
305
212
955
490
190
652
347
23
602
810
66
645
808
405
535
143
630
368
52
578
641
216
653
536
661
482
259
991
185
407
167
850
231
582
178
993
112
996
520
823
558
954
478
488
315
922
177
677
815
967
861
46
727
209
359
610
536
706
322
870
468
632
805
432
187
127
174
150
410
362
248
816
777
102
464
623
550
596
334
152
416
384
622
201
542
722
453
135
877
425
577
946
560
135
146
174
970
613
221
862
319
603
759
966
968
300
237
613
526
444
450
93
837
911
275
457
778
760
476
347
192
178
909
735
323
687
103
103
967
930
913
627
19
563
247
116
55
927
753
638
509
872
898
24
204
848
599
57
134
734
599
969
460
915
42
865
792
820
306
848
471
412
790
811
241
780
142
727
689
706
528
694
648
612
457
12
798
671
847
109
792
905
491
158
733
438
556
636
810
963
198
148
518
301
602
16
951
61
967
419
875
410
422
850
251
387
867
894
354
144
39
938
643
467
522
517
112
41
670
997
935
39
368
961
23
618
735
808
992
655
758
275
624
164
174
700
826
193
724
242
601
46
43
986
515
651
314
843
313
126
102
126
490
228
650
737
206
311
178
22
400
200
432
716
189
370
741
698
18
891
857
827
322
607
926
747
380
290
327
532
427
186
278
845
599
671
106
648
720
912
703
535
851
564
112
74
46
793
847
287
837
228
693
182
599
789
910
16
498
766
731
532
754
729
443
981
129
923
251
59
305
777
226
509
957
965
354
496
437
301
632
303
960
952
53
247
740
990
461
749
377
587
388
790
291
895
248
98
798
933
498
574
444
886
390
509
106
434
626
35
561
946
276
662
616
580
283
705
238
348
7
486
837
220
749
711
178
560
403
760
537
304
570
573
70
523
329
500
854
52
445
527
492
412
494
960
831
788
821
929
688
188
18
615
298
109
218
402
210
72
158
876
430
25
887
563
690
347
293
837
157
841
358
415
978
390
235
826
219
754
150
610
327
170
584
724
948
811
328
876
368
994
630
392
617
187
981
429
381
444
574
964
395
909
937
440
160
734
839
662
286
948
483
370
599
826
23
978
599
609
538
449
887
204
831
130
950
634
713
495
258
312
778
101
348
570
323
493
210
238
342
314
174
102
375
34
507
32
441
692
423
843
796
92
868
976
884
501
25
27
742
892
294
4
195
284
20
167
367
932
251
92
3
417
157
979
342
489
591
512
210
470
376
14
963
522
666
852
786
421
22
57
688
521
724
725
774
934
248
197
737
647
143
10
867
911
505
575
892
433
689
166
816
892
95
766
754
759
822
490
462
110
161
969
139
537
505
533
247
405
210
562
917
466
252
333
306
353
876
279
446
175
370
949
789
338
238
237
901
366
236
583
361
141
726
229
812
81
304
145
554
439
191
474
520
442
779
978
596
273
76
406
303
462
56
355
190
28
954
186
72
700
951
775
658
908
889
564
798
661
134
77
314
351
723
656
733
115
626
419
828
509
868
937
331
924
975
666
823
663
383
582
64
5
59
46
35
465
327
24
373
296
687
829
5
233
795
32
952
593
277
405
280
407
679
683
590
138
274
943
940
389
746
983
159
108
565
624
314
71
410
941
542
80
902
228
773
433
329
54
382
31
559
883
506
61
963
416
253
151
798
951
624
908
301
24
948
262
201
433
433
106
655
751
732
510
479
944
183
100
730
351
114
634
269
827
319
122
555
965
643
837
958
404
368
199
709
334
304
47
314
237
860
350
746
51
635
177
791
268
614
244
571
775
696
757
482
456
82
642
450
565
220
305
919
107
904
498
615
980
57
954
764
967
769
679
408
933
551
803
274
475
111
447
654
881
364
589
27
358
521
90
358
461
797
390
525
520
484
305
53
167
298
36
76
285
282
721
555
608
821
585
515
699
239
96
913
289
763
878
644
880
918
388
74
776
641
1
594
511
640
305
365
986
967
993
710
897
380
689
352
736
408
358
455
966
568
491
454
532
144
827
304
139
886
710
98
42
348
150
373
835
799
60
521
305
605
972
885
537
43
354
436
913
980
239
537
921
398
132
147
597
887
154
459
820
229
843
258
168
530
72
768
450
214
344
87
473
23
50
822
159
995
720
97
512
790
208
198
952
239
295
114
32
500
660
322
181
726
55
334
189
752
964
263
958
97
296
929
693
977
831
292
800
224
79
101
273
697
404
713
295
925
241
305
266
756
808
256
859
311
366
578
278
337
822
679
245
884
384
693
626
223
134
532
248
677
947
178
7
289
776
807
66
149
668
731
135
250
616
499
986
866
260
642
422
721
769
380
481
946
916
374
771
278
228
465
427
567
424
30
590
146
440
843
637
91
454
131
921
283
264
452
526
12
270
162
65
677
490
553
320
968
929
599
796
449
780
528
597
442
747
299
179
73
335
370
164
235
26
551
550
329
862
553
859
161
534
582
828
600
333
474
868
642
457
534
