998
998
994
993
991
991
989
982
979
978
973
973
968
967
967
961
961
960
958
958
955
951
950
950
947
945
944
943
940
939
937
935
935
935
930
927
923
922
920
918
918
916
912
911
910
905
899
895
886
880
879
875
873
873
869
865
863
858
858
858
858
853
853
852
850
846
843
842
841
841
840
840
838
838
837
833
830
830
828
826
824
823
821
818
815
813
813
810
810
808
804
803
803
802
801
796
792
790
790
788
786
781
781
781
780
778
774
773
773
772
772
766
761
761
759
757
756
752
749
749
749
747
743
739
737
736
736
734
733
733
732
726
723
721
717
714
712
712
711
710
709
708
708
705
702
701
699
699
694
693
689
688
686
683
681
680
680
678
677
674
673
673
668
664
660
658
657
657
653
652
652
649
649
649
649
647
646
642
642
641
639
638
638
637
635
634
633
631
628
625
623
621
621
615
615
610
609
605
602
600
597
596
595
595
592
591
585
580
578
578
577
577
573
572
571
566
566
560
558
557
556
553
551
547
546
544
543
540
540
539
537
534
531
531
530
530
529
527
522
520
520
520
518
517
514
511
511
510
510
510
507
506
506
506
502
501
501
499
499
499
492
490
489
482
481
480
476
476
475
471
463
462
461
460
459
457
456
452
452
450
448
447
447
446
444
443
436
435
434
430
425
423
422
421
420
419
413
411
410
410
409
404
404
401
401
400
398
391
390
389
386
380
380
378
378
375
372
370
364
362
361
360
358
357
354
351
351
347
347
345
343
342
342
342
341
340
337
336
335
333
326
324
322
318
317
316
310
310
309
309
307
304
302
301
294
290
286
286
286
286
284
284
281
280
279
275
275
270
267
267
266
258
256
245
243
239
238
233
230
230
228
227
225
223
219
219
218
218
216
216
215
212
212
211
210
208
206
206
202
201
200
198
192
191
186
184
182
180
178
178
176
172
168
167
164
162
160
159
158
150
149
149
147
141
129
125
125
119
116
116
116
115
114
113
113
110
109
109
107
106
97
92
91
89
86
76
75
75
74
72
71
71
68
67
66
65
64
63
63
59
58
57
53
52
51
50
49
48
47
46
45
42
41
39
39
37
37
37
32
32
32
30
27
27
26
24
24
23
22
22
14
13
10
7
5
4
3
2
1
0
