410
506
940
841
507
677
342
149
802
239
116
27
821
45
215
717
447
256
683
637
842
238
772
968
413
2
828
736
994
596
372
708
863
227
853
42
958
358
65
701
219
362
307
721
858
198
792
843
723
818
736
230
531
766
605
32
592
615
967
27
208
492
673
743
351
446
76
109
347
422
309
158
141
833
846
993
511
566
22
284
452
577
813
546
1
560
673
899
790
873
910
649
664
294
357
638
390
225
116
267
430
850
558
780
380
600
86
63
286
4
37
595
423
553
918
501
302
7
642
781
370
343
206
815
852
216
621
37
97
216
354
699
115
310
342
211
803
172
506
502
316
499
258
107
551
510
398
66
447
24
646
114
880
922
450
200
609
460
91
649
459
973
649
726
421
950
434
638
310
336
804
514
694
150
911
106
57
13
642
869
680
375
360
693
757
927
279
945
756
680
333
116
641
510
223
635
386
389
191
475
178
520
361
577
918
378
858
443
47
689
830
147
309
32
653
540
461
59
824
37
167
702
566
75
830
838
686
452
228
737
688
621
930
657
788
92
761
275
838
786
912
286
989
520
530
471
711
186
955
337
979
401
879
58
482
275
991
937
218
341
113
916
49
304
634
110
778
705
947
652
23
419
245
585
404
935
531
615
571
875
803
462
178
425
456
322
813
286
935
660
840
739
747
499
46
24
967
923
159
572
192
939
401
26
109
284
790
733
219
886
998
243
129
125
345
712
149
944
699
578
410
578
364
801
591
961
539
905
404
540
543
400
3
658
409
858
873
973
657
709
64
950
595
206
378
522
837
290
212
961
625
529
749
951
202
708
481
796
652
391
182
326
125
506
10
518
633
649
823
960
895
580
853
411
734
681
50
761
714
212
520
89
281
808
347
752
317
168
749
230
30
335
32
668
781
597
176
267
935
610
810
71
556
573
733
75
67
270
476
991
68
74
476
444
113
340
0
639
162
480
759
732
420
499
39
826
781
22
712
436
286
233
71
544
749
773
301
920
982
266
628
958
510
351
342
5
380
39
201
810
52
448
51
489
210
160
678
180
511
280
119
631
858
602
41
710
774
463
490
527
164
841
318
53
773
63
840
537
14
623
218
501
865
557
324
547
772
530
457
943
48
72
978
998
647
674
517
534
435
184
