301
959
21
102
48
845
142
472
486
405
989
487
126
893
748
939
838
888
512
645
650
32
109
799
132
291
283
697
486
820
740
545
203
486
263
718
579
71
183
905
957
303
220
497
615
931
595
802
801
346
401
857
791
692
475
278
477
274
33
821
77
598
328
835
795
368
7
483
314
873
2
490
640
432
178
381
716
271
165
692
776
977
153
995
337
26
452
741
451
531
320
902
2
992
754
291
603
920
825
784
353
745
51
878
707
93
531
966
610
61
815
311
465
144
758
680
933
23
895
594
356
537
388
421
890
622
390
190
670
970
298
41
755
361
104
169
674
657
572
825
133
224
653
950
798
819
499
275
270
159
919
880
890
176
362
433
360
532
623
342
975
667
980
284
412
870
979
191
401
121
928
362
88
934
763
517
245
854
621
530
609
799
799
412
723
989
733
748
409
654
922
505
564
199
869
131
25
796
361
940
572
328
803
980
991
161
692
832
696
134
863
702
721
937
108
560
153
59
162
194
968
544
723
658
55
728
113
51
878
439
470
173
759
154
402
468
551
766
494
4
821
927
157
950
195
425
210
170
514
127
147
761
762
286
669
813
110
780
146
263
662
835
374
804
910
828
343
534
172
17
491
411
39
580
195
956
698
949
420
76
664
876
14
971
802
427
366
342
332
7
502
156
101
747
269
943
957
225
561
485
785
886
951
139
274
585
805
821
899
128
992
748
761
206
751
332
589
861
776
313
125
884
152
742
273
333
862
657
608
582
73
654
171
593
672
479
849
651
848
677
810
557
872
589
639
794
712
130
78
550
152
514
692
847
933
824
371
836
614
910
963
590
5
261
253
110
928
883
514
773
383
783
730
906
769
307
8
948
871
231
874
316
2
950
471
117
280
783
585
955
841
178
667
813
184
373
716
969
989
227
792
499
839
648
503
425
398
947
311
438
111
239
837
73
121
632
689
201
621
423
7
543
450
994
306
936
630
307
819
734
584
691
983
898
562
163
486
168
981
391
696
926
68
367
98
634
795
828
78
792
912
323
57
973
175
520
333
163
515
827
831
721
0
136
971
717
726
821
235
729
736
125
62
728
19
947
605
923
690
606
474
637
942
664
185
183
618
650
824
632
476
320
435
733
120
148
200
545
855
58
89
697
924
407
455
159
719
663
836
216
163
314
977
156
666
202
798
458
336
427
832
621
692
999
332
399
851
237
642
273
111
269
884
516
253
875
886
167
884
774
160
205
737
468
535
90
776
716
506
770
69
511
263
238
320
203
869
876
878
398
637
97
860
548
154
814
631
444
615
373
271
413
439
510
626
225
848
130
892
907
249
203
372
98
834
790
282
490
827
390
773
123
837
526
985
440
212
443
357
991
342
268
507
464
493
351
904
611
696
289
523
874
344
409
754
993
254
337
880
174
626
506
83
488
502
628
778
248
792
983
900
630
375
8
652
978
165
443
728
752
179
954
336
879
394
31
787
430
773
228
405
195
220
396
798
330
660
285
700
582
690
957
392
831
542
774
198
304
972
704
910
275
437
681
863
204
300
811
499
55
29
282
702
958
256
368
824
443
27
991
186
351
365
219
485
476
839
74
350
677
917
640
293
232
338
563
277
429
258
304
798
55
544
776
718
435
888
938
678
281
975
646
848
470
78
747
687
707
878
150
726
302
21
849
27
964
774
443
301
31
967
153
175
985
228
793
777
726
289
326
76
23
724
893
315
704
457
747
353
7
255
209
645
655
663
733
874
545
557
6
251
222
832
403
740
812
883
601
251
514
174
608
365
89
526
576
405
769
192
973
512
533
182
924
4
332
752
905
815
53
996
119
99
766
960
67
695
689
491
877
601
108
475
11
639
323
314
212
60
620
394
174
400
279
279
125
217
600
4
289
885
650
829
938
18
962
211
251
276
909
599
880
165
79
278
685
276
377
210
284
788
414
305
778
12
786
38
111
39
128
638
201
234
846
13
564
299
919
103
672
601
885
738
254
382
248
544
312
96
416
691
429
87
539
217
917
538
387
743
495
850
79
650
357
416
572
472
624
514
160
293
134
856
460
474
724
821
451
871
385
129
259
313
570
467
318
623
291
340
693
710
32
615
314
93
985
796
489
35
355
884
987
340
745
110
334
882
750
456
764
919
901
634
661
385
239
604
604
151
664
583
868
40
863
569
141
227
920
298
703
40
200
939
945
733
44
335
687
29
391
298
806
924
782
94
924
965
369
500
521
980
368
703
900
927
207
716
876
439
864
150
660
92
907
862
761
447
629
359
507
337
299
431
205
648
545
466
635
403
803
753
856
858
862
815
9
8
60
164
66
277
563
739
314
468
553
238
541
523
575
553
470
193
918
940
383
490
690
154
503
197
985
670
14
486
768
29
240
336
699
918
651
10
807
462
311
722
766
665
626
712
765
914
229
265
461
132
902
300
869
425
210
456
72
103
687
500
712
691
299
257
887
453
901
538
102
219
742
916
412
658
419
368
76
598
434
533
36
811
495
954
5
316
474
569
108
897
422
639
428
190
232
520
133
805
690
240
701
774
427
428
489
757
101
175
241
17
987
497
606
805
245
769
672
624
9
339
384
567
392
644
182
281
450
226
112
387
391
769
776
594
315
576
345
406
196
546
846
743
315
513
807
359
501
644
472
326
405
57
216
205
704
150
51
490
317
521
972
130
215
888
827
965
48
299
527
154
259
189
144
859
286
953
539
244
299
888
683
861
313
969
496
767
268
554
471
811
21
219
974
782
519
498
650
873
64
392
79
740
960
707
403
234
225
901
63
48
402
9
899
176
786
853
717
546
310
283
558
9
239
378
249
699
803
706
889
522
150
477
462
857
92
720
827
536
190
505
223
576
671
114
646
114
986
3
715
785
986
334
908
512
29
700
602
846
430
437
684
86
886
157
623
739
990
201
796
113
547
89
286
494
286
704
286
400
639
430
941
296
997
158
909
380
45
883
76
418
581
790
422
743
140
251
231
192
160
146
546
24
850
753
984
857
650
774
192
414
259
297
455
996
403
984
477
800
986
853
452
491
444
994
365
651
612
589
464
923
262
814
408
531
617
85
802
570
96
832
976
879
180
458
38
663
576
264
727
545
352
893
845
646
822
125
947
324
618
222
729
833
374
138
548
844
467
121
943
983
788
60
218
569
485
340
133
344
223
369
297
547
331
998
195
445
392
162
494
358
163
962
460
556
994
865
792
280
557
657
547
475
553
971
962
734
258
403
504
600
789
823
541
602
871
550
618
415
318
701
200
623
642
396
557
907
878
112
778
210
457
513
403
162
268
156
467
867
392
947
668
949
925
503
680
377
705
32
576
517
219
19
342
561
387
762
912
327
968
410
892
696
13
798
386
256
393
936
507
763
241
672
204
738
988
949
583
606
795
536
510
613
204
888
404
545
714
591
914
485
954
52
603
284
419
826
861
946
723
166
140
860
363
166
437
963
310
644
676
579
499
313
882
994
492
575
670
339
275
383
991
290
16
225
811
11
577
42
399
411
223
816
276
872
224
624
474
828
495
184
612
828
92
57
727
80
809
484
736
331
578
646
297
281
128
430
584
976
890
483
869
584
312
10
301
356
166
500
303
2
490
695
59
463
954
579
682
491
772
853
654
860
796
960
223
263
707
887
510
137
58
759
730
579
180
81
724
924
40
549
969
448
331
666
485
630
881
219
54
856
948
211
124
148
275
1
386
551
496
910
81
248
190
123
810
874
68
120
958
676
115
288
156
67
664
584
589
399
998
709
712
362
947
21
781
725
933
997
440
701
649
466
693
82
552
348
290
264
311
388
221
695
49
903
130
613
931
250
801
4
147
949
259
861
246
180
775
411
813
848
269
21
67
741
493
627
238
556
997
346
911
921
350
762
264
335
1
612
345
735
644
161
294
111
83
774
889
135
900
444
527
270
507
508
818
195
383
911
411
649
487
411
409
106
557
257
674
404
669
715
933
608
57
916
882
487
637
24
719
967
561
610
752
12
633
564
201
578
397
625
987
437
269
287
57
699
501
616
341
994
329
591
844
972
589
679
723
721
52
295
501
851
995
370
954
628
736
92
333
635
580
150
434
670
515
298
514
106
76
754
260
453
561
611
306
716
653
975
85
137
468
968
158
965
20
744
995
443
686
709
833
460
961
898
4
583
915
689
857
856
333
989
235
457
138
939
378
519
483
560
309
451
458
853
551
641
353
888
141
125
679
757
795
513
774
705
198
467
84
943
625
355
179
203
839
107
599
379
193
127
980
6
677
227
274
780
188
812
206
677
958
222
118
79
388
405
496
727
434
824
743
568
495
7
35
881
394
61
717
552
379
376
436
716
59
717
262
385
657
385
223
629
313
891
183
823
51
421
363
903
590
345
2
408
31
479
330
554
458
260
559
181
43
743
607
535
618
94
741
174
289
685
279
698
723
470
486
729
474
556
163
406
813
257
881
28
836
296
770
116
26
813
849
598
534
496
377
659
478
120
104
321
472
60
156
785
590
549
657
898
358
127
699
528
611
318
678
495
843
45
216
673
126
98
632
303
280
454
837
788
459
864
213
669
564
553
777
45
488
282
713
525
378
657
289
793
36
163
23
645
704
787
456
310
490
57
823
909
756
277
241
414
581
90
720
471
263
449
25
444
851
146
836
823
212
391
280
692
972
492
224
523
855
134
342
407
18
564
770
787
719
139
664
108
528
859
147
690
590
935
18
408
549
410
645
778
829
972
899
926
168
133
4
820
259
600
590
975
619
288
702
581
509
329
21
819
529
45
381
626
620
119
710
486
217
812
41
820
796
157
368
747
131
881
488
436
544
152
772
204
839
226
887
944
601
125
261
127
603
662
311
571
470
334
314
105
819
78
19
25
427
638
857
159
176
814
918
335
692
368
27
368
172
236
568
431
952
139
965
28
522
560
79
969
96
496
586
983
32
450
63
507
527
250
659
278
765
79
573
874
57
988
81
656
557
276
725
918
294
22
415
197
82
936
177
73
45
528
442
522
90
838
498
376
467
405
330
139
510
864
166
128
540
601
512
951
150
909
610
473
982
195
560
40
199
755
496
398
858
715
630
31
519
333
192
275
788
332
674
835
525
549
455
693
496
187
686
235
995
162
997
565
741
405
428
551
317
27
944
269
883
764
730
874
322
802
571
360
958
467
943
170
175
218
164
374
794
973
989
886
313
497
903
557
662
241
559
558
121
830
653
272
91
632
82
327
999
211
626
884
948
133
709
460
793
115
624
862
614
35
970
69
634
173
910
949
694
715
541
259
78
303
348
989
607
931
705
593
434
83
710
26
915
431
176
668
974
516
743
137
39
211
601
612
316
193
613
610
89
685
729
760
936
737
417
504
179
336
781
357
255
677
381
150
103
524
347
648
906
786
221
563
690
214
678
502
786
891
537
695
691
822
553
51
699
170
679
723
714
931
304
791
714
495
682
436
147
912
44
50
161
199
800
873
499
202
589
105
520
678
893
560
591
808
111
677
739
837
674
76
577
145
656
915
688
28
234
529
844
273
829
878
335
656
513
214
693
59
682
287
866
550
277
9
402
807
713
205
964
301
591
238
780
29
47
709
844
472
648
544
838
984
564
362
800
809
222
662
941
364
57
749
132
55
734
295
767
752
945
438
362
40
601
365
230
541
178
816
801
167
985
926
364
708
795
872
841
22
498
37
926
386
141
78
987
717
939
101
139
239
332
955
194
233
4
118
44
994
773
353
774
645
944
437
99
406
663
998
661
212
194
832
142
569
692
8
601
515
921
815
626
23
46
177
263
348
373
484
858
282
380
828
180
110
337
43
343
181
884
590
775
53
553
906
183
875
40
101
572
471
731
490
328
589
683
740
541
652
152
451
499
969
291
533
576
582
297
811
731
435
118
796
37
422
819
368
781
39
63
122
287
452
61
664
632
780
207
47
632
815
255
424
252
330
782
623
207
769
635
186
692
908
545
662
763
668
629
500
45
71
635
59
310
918
164
896
943
280
846
136
308
768
888
190
648
498
232
207
795
195
252
450
894
933
345
230
419
297
899
60
323
807
161
364
917
241
68
259
128
919
860
657
462
267
543
577
445
676
639
177
162
816
623
617
508
18
866
865
771
203
255
267
979
292
405
144
297
778
631
967
400
226
781
991
720
940
623
717
68
517
286
753
175
596
688
635
395
358
159
499
301
596
264
334
88
730
579
444
900
291
364
198
507
304
892
310
184
383
364
703
12
384
992
899
62
107
300
242
638
509
502
376
671
2
671
408
807
516
383
604
516
241
724
103
468
458
647
529
65
168
803
33
639
554
522
786
892
89
182
980
947
44
985
667
156
87
786
981
307
766
765
60
140
888
133
659
160
151
80
214
799
939
559
274
938
414
33
851
635
258
155
844
220
127
686
473
544
905
300
305
570
349
576
983
808
628
578
304
443
137
404
959
934
436
965
795
41
249
807
306
641
850
758
375
869
369
199
398
535
786
946
161
613
525
838
67
284
73
760
937
416
196
544
841
154
719
304
322
983
726
441
355
40
358
251
591
363
142
329
918
598
480
359
744
531
441
770
274
172
12
242
522
476
653
606
991
952
432
748
322
696
322
539
697
510
632
959
50
818
748
512
269
215
998
960
906
438
774
615
201
13
479
901
720
19
311
299
423
787
340
758
199
18
929
169
793
966
957
933
692
166
108
208
126
56
463
208
811
859
687
882
163
857
807
324
630
168
463
875
795
486
829
121
222
799
622
646
231
485
786
130
343
370
141
733
862
68
561
763
944
861
993
895
78
702
209
43
48
704
89
777
432
783
872
218
362
628
261
896
631
173
609
385
481
571
408
947
777
607
983
78
884
569
407
187
420
655
575
239
594
943
480
763
578
145
9
868
815
892
675
210
61
788
31
367
533
924
172
437
427
85
533
428
787
539
822
16
738
352
798
163
57
576
928
372
492
97
845
995
545
268
12
103
100
708
89
566
903
962
595
265
815
355
878
954
874
863
729
435
780
294
379
92
736
648
911
871
956
721
638
340
285
496
451
164
897
731
305
325
132
465
345
793
682
19
904
619
28
376
493
663
581
19
496
349
580
379
150
18
796
175
97
986
726
636
789
646
688
92
53
245
71
444
3
139
768
555
526
827
517
298
942
418
579
317
59
690
615
404
531
119
881
158
803
122
576
35
789
159
309
659
55
885
252
232
100
57
5
342
996
775
545
683
991
607
568
862
230
688
951
48
18
267
486
209
310
727
232
409
647
948
356
245
789
998
624
201
25
984
93
688
558
346
853
125
52
513
985
356
231
306
759
899
758
338
425
23
464
549
777
228
337
729
448
84
617
190
70
715
262
980
763
357
816
801
332
268
66
222
145
866
953
421
140
344
564
697
900
945
275
193
711
94
245
754
846
198
993
584
706
121
846
233
612
257
750
599
746
702
965
304
102
133
919
756
192
188
687
426
476
596
773
254
486
843
807
35
410
510
632
193
256
439
749
483
676
873
276
424
524
829
872
508
514
895
7
243
321
338
84
505
125
989
248
273
179
937
140
552
671
551
401
364
557
571
128
342
927
855
566
993
133
117
567
767
618
550
84
799
579
224
47
164
162
222
586
917
969
322
439
860
139
280
594
814
84
199
315
126
568
657
968
358
401
508
151
795
82
996
889
339
296
223
250
398
361
797
101
798
812
538
717
797
416
362
94
794
665
88
801
655
436
730
278
49
716
492
972
717
549
519
188
340
222
238
356
442
612
221
831
169
809
239
377
469
315
338
801
956
272
257
783
956
960
822
260
72
651
409
697
521
665
394
976
861
832
567
375
358
64
570
555
489
115
651
128
106
728
13
838
425
830
143
48
715
277
673
575
271
41
361
243
58
600
289
89
946
90
335
351
196
497
65
620
283
422
218
310
134
730
846
667
196
918
102
201
918
50
160
601
305
82
446
717
766
247
745
627
784
201
353
345
706
778
60
744
162
942
370
926
62
855
688
331
521
788
601
269
418
409
413
967
58
418
508
756
816
82
36
833
874
344
403
785
970
784
761
554
195
648
516
20
814
1
818
962
29
925
589
257
523
320
406
733
895
414
209
467
563
820
120
385
565
811
6
122
993
47
235
278
441
143
943
181
234
460
69
420
884
860
957
8
557
136
678
816
347
713
414
991
909
210
367
78
172
423
289
561
219
699
558
64
720
791
757
557
214
470
510
837
272
349
647
311
268
96
233
178
410
928
754
92
656
968
31
796
116
751
958
33
644
128
262
91
605
348
195
351
398
338
218
1
992
340
677
442
980
723
115
560
809
909
135
181
897
442
443
7
175
159
74
654
104
297
207
77
755
923
637
960
989
99
643
588
893
6
467
932
297
36
912
623
924
318
594
78
876
476
592
243
988
59
608
262
267
131
405
513
366
551
918
811
841
398
623
234
301
270
903
609
367
976
533
977
501
958
55
276
694
593
952
572
732
40
773
594
560
194
733
299
611
508
651
141
165
839
257
567
884
344
626
806
289
163
20
284
754
170
657
978
432
142
121
887
878
97
493
913
877
802
778
407
541
719
359
657
4
857
741
559
620
465
323
895
621
393
235
234
55
525
997
366
777
55
461
294
875
442
603
740
676
431
280
345
393
827
808
900
979
346
0
710
564
580
692
103
541
765
869
361
71
43
102
689
460
512
962
270
337
823
588
266
627
484
763
5
354
436
439
953
606
108
564
737
821
997
2
786
415
676
790
267
94
416
209
761
85
685
107
971
275
365
988
645
532
726
703
199
213
479
531
981
778
532
31
386
37
632
337
797
197
18
555
982
457
473
162
642
191
569
732
897
638
863
710
129
204
889
944
580
637
454
526
468
873
613
99
334
744
106
772
12
404
243
654
309
843
41
485
703
400
305
178
365
685
954
703
451
751
649
539
470
390
983
309
153
976
509
966
633
265
198
304
26
928
762
397
779
393
772
373
613
626
585
959
849
421
200
419
510
793
369
298
450
309
454
659
744
778
422
355
648
140
208
240
644
949
973
298
550
886
774
839
567
955
957
385
618
569
943
173
487
926
214
771
724
733
53
717
494
181
557
607
893
342
861
105
125
807
782
219
9
590
260
294
386
469
344
99
941
789
362
410
202
650
972
409
776
291
122
911
551
396
590
348
365
586
576
7
354
562
242
11
87
430
889
991
41
869
279
457
228
70
710
270
194
825
823
680
923
82
424
189
6
578
892
872
477
452
525
166
454
865
276
614
710
57
945
326
33
735
462
55
220
671
53
596
516
774
539
724
447
974
92
842
943
21
997
205
311
121
168
849
638
690
442
905
409
708
41
222
213
111
49
49
642
765
950
897
75
159
35
786
873
948
897
210
367
279
515
185
9
620
166
933
726
680
910
694
484
906
820
732
866
217
843
668
544
739
106
913
99
366
172
301
990
847
787
219
834
750
59
759
525
874
954
757
896
694
893
243
219
655
374
788
163
409
866
698
588
213
142
615
561
561
682
760
544
236
398
31
315
884
209
51
185
782
384
606
595
161
995
995
642
128
123
450
133
802
416
113
248
704
287
632
553
138
569
881
44
550
886
59
119
262
480
418
591
877
101
596
889
565
188
218
693
136
944
841
284
498
922
20
314
775
112
992
142
470
764
603
991
817
792
922
985
248
397
854
277
825
979
370
166
615
883
532
752
100
816
933
387
467
467
863
253
359
22
642
13
425
368
523
395
970
55
169
886
742
564
285
598
217
120
669
343
617
277
453
591
207
183
20
102
747
625
838
332
747
964
755
49
343
145
83
494
316
824
356
465
332
729
962
773
78
384
297
56
56
270
938
966
69
610
384
522
532
910
557
909
695
542
934
943
380
899
144
506
68
525
366
15
781
312
856
176
679
349
257
772
23
586
13
873
107
908
605
963
987
431
393
595
240
520
25
155
12
514
87
13
213
508
204
555
31
516
702
762
469
5
402
424
92
356
396
740
188
265
473
212
364
680
197
225
473
614
61
544
963
705
275
546
908
353
786
98
365
907
965
46
718
508
248
15
98
385
970
691
701
253
526
730
963
645
165
597
959
29
937
242
420
661
480
500
155
678
35
904
554
975
234
634
653
484
430
862
420
973
955
634
177
557
744
64
220
289
429
594
109
224
95
718
605
874
482
745
305
825
684
32
763
468
650
529
279
651
257
584
360
972
995
237
293
508
741
51
283
777
89
140
495
836
644
671
104
268
629
124
535
717
785
238
133
600
816
703
239
268
381
250
176
330
583
913
475
638
223
46
68
289
621
191
122
531
907
362
674
278
998
784
923
838
573
703
882
533
927
560
650
963
733
271
817
218
49
800
594
279
426
478
42
173
669
310
225
203
226
179
752
654
848
811
977
633
285
271
167
640
381
432
739
397
414
228
608
17
599
407
491
884
171
302
899
464
30
823
201
616
362
101
20
782
566
88
508
185
436
57
736
333
542
434
990
237
548
372
327
627
500
194
13
392
774
203
657
487
315
253
893
516
106
773
915
683
742
299
384
154
704
217
169
832
396
468
968
439
258
60
603
60
20
110
521
80
639
160
841
951
288
452
826
725
68
750
961
712
891
384
506
457
155
957
974
636
205
1
124
375
685
879
48
712
283
293
501
286
409
114
256
601
513
496
274
926
789
893
746
451
722
499
661
89
249
118
322
102
907
109
935
562
289
394
889
562
757
453
172
88
97
533
480
660
450
677
452
435
336
933
545
190
125
119
717
806
431
778
123
258
116
765
892
459
545
417
220
167
903
928
315
441
363
948
94
458
568
431
881
25
154
594
124
662
578
18
879
188
137
181
955
484
515
155
655
294
466
951
332
931
84
19
813
270
994
227
902
689
309
731
664
371
167
18
478
367
619
551
447
616
451
506
288
80
788
364
61
424
568
608
556
833
711
947
631
842
611
519
68
915
727
227
506
21
370
127
218
84
222
410
472
981
824
390
388
993
11
140
753
12
478
49
658
591
414
354
820
217
681
636
196
748
265
620
533
4
736
205
493
338
54
336
678
551
389
333
980
84
389
559
208
598
9
950
80
639
732
646
888
983
225
109
897
346
151
722
508
586
309
993
900
805
983
811
629
274
741
154
61
661
821
833
381
282
556
882
283
846
246
906
792
345
199
631
617
103
461
521
244
382
149
990
521
209
14
88
402
643
21
633
585
496
982
423
508
853
684
890
399
328
526
241
935
514
143
165
574
672
271
222
368
913
283
409
721
866
573
67
969
645
353
199
613
648
54
179
474
826
501
457
216
656
410
305
90
566
156
556
558
585
538
283
981
808
451
725
824
475
530
800
916
516
229
207
604
643
568
498
330
373
627
284
130
748
373
